19,2
370,2
435,2
435,2
620,2
620,2
620,2
687,2
807,2
824,2
835,2
943,2
126,3
126,3
126,3
309,3
309,3
392,3
565,3
565,3
871,3
986,3
161,4
161,4
161,4
161,4
246,4
421,4
712,4
776,4
921,4
921,4
231,5
231,5
648,5
648,5
737,5
928,5
360,6
468,6
640,6
792,6
186,7
291,7
291,7
391,8
480,8
376,9
3,10
205,10
263,10
263,10
526,10
875,10
138,11
240,11
962,11
962,11
278,12
278,12
734,12
903,12
991,12
212,13
458,13
687,13
687,13
698,13
718,13
718,13
108,14
663,14
251,15
425,15
459,15
459,15
459,15
600,15
600,15
619,15
811,15
932,15
974,15
401,16
706,16
768,16
851,16
898,16
438,17
479,17
631,17
775,17
775,17
830,17
830,17
862,17
229,18
229,18
229,18
324,18
324,18
541,18
368,19
493,19
493,19
657,19
657,19
657,19
923,19
923,19
923,19
964,19
964,19
964,19
385,20
385,20
508,21
508,21
612,21
612,21
616,21
637,21
720,21
759,21
240,22
254,22
254,22
254,22
448,22
798,22
878,22
909,22
221,23
221,23
272,23
272,23
112,24
127,24
329,24
329,24
395,24
466,24
534,24
641,24
682,24
749,24
944,24
199,25
306,25
306,25
625,25
827,25
827,25
285,26
368,26
416,26
885,26
885,26
148,27
148,27
148,27
407,27
407,27
500,27
672,27
906,27
528,28
604,28
876,28
876,28
894,28
106,29
106,29
106,29
183,29
318,29
318,29
477,29
477,29
691,29
780,29
780,29
911,29
960,29
960,29
960,29
960,29
978,29
138,30
138,30
337,30
337,30
737,30
802,30
928,30
928,30
388,31
388,31
917,31
917,31
79,32
79,32
229,32
229,32
300,32
300,32
300,32
523,32
990,32
372,33
641,33
641,33
641,33
714,33
816,33
816,33
843,33
843,33
843,33
879,33
216,34
216,34
967,34
158,35
158,35
158,35
484,35
915,35
915,35
926,35
926,35
109,36
438,36
518,36
572,36
740,36
740,36
767,36
866,36
172,37
701,37
701,37
201,38
410,38
410,38
418,38
418,38
659,38
685,38
709,38
709,38
776,38
776,38
976,38
976,38
976,38
933,39
933,39
83,40
247,40
247,40
342,40
342,40
613,40
613,40
809,40
809,40
809,40
232,41
458,41
458,41
479,41
479,41
671,41
63,42
447,42
447,42
841,42
900,42
900,42
900,42
952,42
952,42
105,43
105,43
406,43
506,43
506,43
623,43
623,43
490,44
490,44
827,44
827,44
944,44
971,44
72,45
72,45
130,45
130,45
179,45
245,45
245,45
245,45
305,45
305,45
383,45
497,45
630,45
688,45
57,46
57,46
168,46
215,46
349,46
349,46
788,46
788,46
788,46
93,47
93,47
93,47
236,47
236,47
426,47
426,47
426,47
566,47
586,47
586,47
863,47
156,48
292,48
683,48
926,48
926,48
118,50
118,50
189,50
189,50
660,50
808,50
808,50
907,50
975,50
975,50
62,51
62,51
62,51
284,51
328,51
643,51
643,51
643,51
753,51
823,51
823,51
823,51
823,51
222,52
387,52
387,52
415,52
670,52
670,52
779,52
779,52
779,52
879,52
900,52
942,52
179,53
247,53
247,53
548,53
548,53
702,53
702,53
301,54
576,54
576,54
576,54
616,54
802,54
802,54
451,55
854,55
260,56
477,56
477,56
541,56
593,56
593,56
593,56
593,56
628,56
628,56
816,56
873,56
873,56
948,56
948,56
69,57
69,57
285,57
325,57
325,57
357,57
151,58
151,58
151,58
771,58
836,58
836,58
474,59
474,59
796,59
842,59
842,59
209,60
209,60
209,60
916,60
916,60
86,61
86,61
300,61
395,61
395,61
425,61
548,61
763,61
108,62
108,62
143,62
143,62
257,62
257,62
290,62
443,62
443,62
661,62
661,62
745,62
852,62
43,63
753,63
888,63
319,64
331,64
331,64
455,64
631,64
631,64
631,64
699,64
699,64
699,64
862,64
221,65
221,65
565,65
711,65
711,65
234,66
412,66
412,66
412,66
530,66
675,66
716,66
716,66
789,66
163,67
163,67
322,67
322,67
586,67
833,67
924,67
924,67
924,67
937,67
937,67
184,68
184,68
429,68
635,68
635,68
635,68
32,69
63,69
303,69
434,69
820,69
820,69
366,70
366,70
107,71
362,71
362,71
579,71
646,71
646,71
735,71
251,72
278,72
331,72
331,72
338,72
914,72
23,73
23,73
201,73
201,73
532,73
608,73
608,73
698,73
698,73
698,73
800,73
176,74
679,74
679,74
818,74
818,74
866,74
880,74
880,74
975,75
975,75
523,76
554,76
554,76
624,76
624,76
42,77
101,77
117,77
145,77
145,77
145,77
844,77
844,77
989,77
171,78
171,78
225,78
225,78
266,78
266,78
266,78
266,78
329,78
329,78
406,78
434,78
894,78
802,79
955,79
26,80
26,80
78,80
715,80
898,80
908,80
908,80
908,80
45,81
45,81
352,81
664,81
374,82
559,82
602,82
884,82
884,82
930,82
449,83
807,83
821,83
833,83
833,83
833,83
990,83
233,84
233,84
375,84
375,84
516,84
523,84
923,84
166,85
313,85
313,85
697,85
729,85
498,86
579,86
579,86
412,87
541,87
646,87
646,87
646,87
149,88
293,88
337,88
337,88
13,89
13,89
20,89
221,89
221,89
255,89
255,89
255,89
435,89
530,89
530,89
633,89
633,89
692,89
692,89
64,90
64,90
64,90
177,90
177,90
811,90
887,90
887,90
349,91
349,91
379,91
379,91
425,91
536,91
760,91
869,91
982,91
31,92
31,92
568,92
584,92
969,92
112,93
112,93
158,93
158,93
605,93
721,94
774,94
919,94
756,95
91,96
181,96
181,96
296,96
551,96
551,96
835,96
835,96
856,96
856,96
904,96
168,97
168,97
330,97
673,97
816,97
360,98
360,98
741,98
992,98
992,98
190,99
190,99
211,99
211,99
211,99
484,99
48,100
48,100
139,101
139,101
272,101
631,101
631,101
631,101
636,101
659,101
735,101
812,101
963,101
571,102
690,102
37,103
197,103
314,103
670,103
731,103
617,104
617,104
617,104
759,104
986,104
150,105
179,105
179,105
250,105
250,105
250,105
496,105
496,105
934,105
947,105
55,106
55,106
66,106
159,106
159,106
275,106
282,106
341,106
549,106
549,106
549,106
819,106
882,106
634,107
727,107
227,108
769,108
769,108
845,108
919,108
28,109
28,109
28,109
288,109
519,109
519,109
519,109
588,109
748,109
894,109
980,109
645,110
718,110
987,110
987,110
361,111
361,111
787,111
956,111
111,112
702,112
146,113
470,113
470,113
555,113
555,113
555,113
863,113
250,114
250,114
333,114
333,114
603,114
782,114
886,114
908,114
181,115
206,115
206,115
680,115
948,115
50,116
384,116
640,116
44,117
187,117
312,117
497,117
497,117
93,118
459,118
485,118
485,118
485,118
541,118
541,118
541,118
721,118
940,118
764,119
764,119
847,119
855,119
68,120
245,120
290,120
367,120
620,120
620,120
620,120
696,120
167,121
255,121
255,121
528,121
261,122
261,122
284,122
386,122
732,122
974,123
974,123
29,124
87,124
184,124
202,124
202,124
202,124
362,124
577,124
897,124
897,124
21,125
21,125
21,125
138,125
138,125
490,125
705,125
826,125
936,125
338,126
338,126
512,126
835,126
835,126
109,127
152,127
249,127
474,127
474,127
226,128
226,128
226,128
788,128
916,128
966,128
76,129
668,129
886,129
63,130
121,130
297,130
720,130
141,131
141,131
495,131
536,131
536,131
540,131
540,131
540,131
540,131
562,131
562,131
599,131
643,131
749,131
956,131
619,132
797,132
929,132
936,132
449,133
449,133
449,133
10,134
249,134
374,134
374,134
693,134
693,134
776,134
171,135
858,135
123,136
123,136
162,136
268,136
268,136
461,136
609,136
609,136
759,136
759,136
870,136
37,137
37,137
37,137
183,137
668,138
943,138
354,139
354,139
354,139
602,139
357,140
464,140
478,140
546,140
634,140
93,141
289,141
486,141
795,141
916,141
922,141
922,141
321,142
829,142
104,143
104,143
50,144
50,144
136,144
144,144
507,144
507,144
596,144
926,144
926,144
119,145
119,145
119,145
211,145
132,146
537,146
571,146
571,146
730,146
878,146
883,146
18,147
171,147
816,147
799,148
896,148
896,148
659,149
868,149
83,150
83,150
174,150
174,150
461,150
766,150
766,150
790,150
160,151
160,151
160,151
160,151
184,151
201,151
201,151
621,151
651,151
823,152
823,152
823,152
844,152
107,153
107,153
107,153
466,153
466,153
473,153
473,153
529,153
912,153
629,154
29,155
29,155
29,155
69,155
69,155
220,155
489,155
489,155
497,155
864,155
520,156
561,156
561,156
669,156
9,157
133,157
184,157
184,157
251,157
251,157
251,157
315,157
341,157
341,157
406,157
406,157
729,157
334,158
334,158
476,158
476,158
856,158
219,159
619,159
619,159
657,160
735,160
85,161
804,161
124,162
124,162
268,162
286,162
286,162
286,162
883,162
34,163
146,163
168,163
168,163
335,163
431,163
482,163
694,164
776,164
776,164
835,164
174,165
174,165
582,165
604,165
619,165
619,165
649,165
649,165
27,166
385,166
608,166
608,166
608,166
608,166
786,166
871,166
37,167
61,167
61,167
61,167
296,167
296,167
296,167
322,167
322,167
462,167
462,167
499,167
202,168
538,168
538,168
701,168
828,168
716,169
750,169
7,170
7,170
406,170
406,170
814,170
4,171
4,171
605,171
658,171
84,172
84,172
396,172
435,172
735,172
373,173
557,173
696,173
64,174
64,174
97,174
143,174
143,174
178,174
193,174
724,174
724,174
859,174
11,175
596,175
795,175
120,177
285,177
285,177
484,177
826,177
826,177
311,178
472,178
550,178
550,178
550,178
250,179
650,179
680,179
839,179
839,179
303,180
303,180
303,180
412,180
436,180
746,180
362,181
388,181
64,182
64,182
200,182
200,182
285,182
402,182
402,182
516,182
640,182
238,183
426,183
426,183
542,183
542,183
542,183
108,184
597,184
597,184
634,184
45,185
780,185
780,185
134,186
134,186
251,186
480,186
301,187
301,187
507,187
359,188
501,188
614,188
144,189
144,189
163,189
163,189
171,189
171,189
380,189
380,189
380,189
424,189
424,189
438,189
438,189
704,189
704,189
718,189
803,189
9,190
9,190
194,190
732,190
732,190
221,191
221,191
282,191
823,191
206,192
579,192
53,193
53,193
348,193
410,193
429,193
496,193
697,193
697,193
697,193
697,193
294,194
449,194
449,194
449,194
519,194
529,195
668,195
140,196
140,196
140,196
28,197
47,198
247,198
395,198
655,198
770,198
770,198
65,199
77,199
77,199
351,199
400,199
507,199
605,199
810,199
961,199
10,200
10,200
102,200
195,200
195,200
195,200
372,201
372,201
565,201
593,201
138,202
160,202
160,202
211,202
211,202
488,202
781,202
256,203
337,203
637,203
637,203
740,204
168,205
422,205
422,205
80,206
80,206
125,206
125,206
224,206
224,206
278,206
578,206
742,206
65,207
65,207
325,207
347,207
347,207
486,207
486,207
790,207
137,208
137,208
447,208
526,208
526,208
541,208
541,208
617,208
247,209
247,209
550,209
550,209
721,209
32,210
683,210
683,210
21,211
96,211
160,211
504,211
117,212
148,212
148,212
319,212
319,212
319,212
780,212
381,213
381,213
560,213
108,214
413,214
413,214
413,214
623,214
55,215
55,215
194,215
760,215
760,215
49,216
49,216
49,216
228,216
228,216
333,216
358,216
358,216
63,217
237,217
237,217
398,217
515,217
515,217
662,217
32,218
73,219
176,219
249,219
612,219
650,219
160,220
160,220
260,220
536,220
600,220
182,221
182,221
191,221
191,221
307,221
416,221
416,221
416,221
904,221
205,222
747,222
153,223
354,223
354,223
354,223
639,223
639,223
639,223
715,223
429,224
429,224
450,224
724,224
970,224
70,225
74,225
95,225
217,225
176,226
176,226
19,227
63,227
114,227
114,227
114,227
123,227
123,227
173,227
305,227
305,227
883,227
883,227
883,227
3,228
244,228
295,228
295,228
408,228
408,228
624,228
726,228
322,229
382,229
382,229
382,229
33,230
714,230
892,230
132,231
582,231
785,231
63,232
63,232
103,232
103,232
576,232
599,232
232,233
232,233
334,233
463,233
474,233
46,234
78,234
521,234
521,234
521,234
676,234
676,234
869,234
993,234
304,235
304,235
361,235
361,235
440,235
440,235
440,235
891,235
192,236
508,236
35,237
399,237
399,237
423,237
423,237
844,237
72,238
72,238
284,238
500,238
910,238
200,239
200,239
557,239
111,240
13,241
13,241
344,241
700,241
868,241
868,241
33,242
592,242
47,243
102,243
211,243
211,243
329,243
329,243
874,243
874,243
18,244
18,244
118,244
118,244
602,244
661,244
145,245
357,245
389,245
382,246
583,246
626,246
943,246
943,246
75,247
151,247
151,247
177,247
177,247
292,247
472,247
576,247
685,247
685,247
959,247
44,248
44,248
59,248
59,248
611,248
611,248
915,248
312,249
405,249
539,249
930,249
92,250
92,250
126,250
269,250
528,250
663,250
671,250
111,251
462,251
846,251
952,251
346,252
346,252
425,252
831,252
106,254
258,254
384,254
384,254
94,255
94,255
207,255
270,256
367,256
367,256
599,256
403,258
501,258
813,258
985,258
985,258
3,259
3,259
141,259
449,259
634,259
835,260
71,261
272,261
272,261
322,261
479,261
563,261
658,261
932,261
974,261
262,262
387,262
387,262
387,262
387,262
788,262
339,263
425,263
439,263
622,263
15,264
37,264
50,264
248,264
307,264
307,264
504,264
520,264
520,264
27,265
196,265
355,265
610,265
802,265
96,266
96,266
434,266
462,266
587,266
587,266
644,266
644,266
956,266
625,267
791,267
818,267
473,268
992,268
992,268
289,269
289,269
332,269
375,269
375,269
375,269
383,269
530,269
903,270
926,270
976,270
858,271
33,272
64,272
255,272
255,272
255,272
275,272
59,273
137,273
137,273
137,273
507,273
507,273
507,273
548,273
548,273
572,273
579,273
579,273
579,273
396,274
396,274
611,274
611,274
781,274
781,274
12,275
100,275
100,275
121,275
121,275
174,275
180,275
231,275
870,276
932,276
582,277
582,277
582,277
964,277
165,278
302,278
302,278
346,278
346,278
568,278
568,278
487,279
84,280
220,280
236,280
762,280
762,280
781,280
781,280
899,280
140,281
140,281
140,281
253,281
253,281
267,282
267,282
267,282
884,282
911,282
321,283
321,283
321,283
341,283
475,283
561,283
859,283
952,283
42,284
59,284
59,284
545,284
545,284
602,284
362,285
362,285
929,286
111,287
525,287
157,288
157,288
214,288
766,288
766,288
224,289
386,289
386,289
407,289
959,289
959,289
959,289
959,289
24,290
936,290
973,290
973,290
421,291
854,291
207,292
227,293
308,293
308,293
516,293
736,293
921,293
928,293
41,294
41,294
41,294
432,294
463,294
552,294
802,294
802,294
844,294
364,295
364,295
528,295
632,295
632,295
897,295
886,296
907,296
987,296
950,297
950,297
263,298
300,298
336,298
127,299
288,299
968,299
968,299
69,300
69,300
117,300
218,300
449,300
959,300
133,301
298,301
298,301
314,301
354,301
354,301
46,302
46,302
46,302
387,302
939,302
277,303
277,303
277,303
491,303
491,303
560,303
710,303
883,303
899,303
201,304
193,305
416,305
535,305
721,305
916,305
916,305
120,306
34,307
34,307
101,307
101,307
727,307
805,307
805,307
805,307
305,308
359,308
855,308
855,308
855,308
345,309
470,309
470,309
470,309
920,309
920,309
989,309
989,309
78,310
78,310
78,310
111,310
333,310
333,310
424,310
819,310
10,311
10,311
459,311
459,311
459,311
317,312
868,312
868,312
946,312
199,313
709,313
179,314
286,314
617,314
96,315
812,315
812,315
883,315
883,315
930,315
400,316
496,316
971,316
276,317
120,318
120,318
224,318
224,318
251,318
686,318
747,318
747,318
840,318
840,318
45,319
45,319
413,319
932,319
932,319
954,319
25,320
25,320
25,320
166,320
319,320
451,320
620,321
849,321
849,321
984,321
984,321
344,322
989,322
989,322
653,323
662,323
395,324
480,324
689,324
751,324
751,324
751,324
751,324
864,324
28,325
28,325
28,325
491,325
780,325
44,326
215,326
300,326
300,326
649,326
833,326
991,326
81,327
81,327
104,327
104,327
155,327
384,327
438,327
474,327
65,328
395,328
47,329
380,329
827,329
9,330
287,330
287,330
326,330
326,330
795,330
916,330
413,331
413,331
464,331
464,331
487,331
622,331
3,332
3,332
185,332
185,332
185,332
197,332
197,332
453,332
908,332
908,332
908,332
178,333
178,333
178,333
477,333
760,333
760,333
760,333
945,333
945,333
945,333
956,333
88,334
225,334
225,334
225,334
266,334
266,334
363,334
654,334
764,334
764,334
764,334
971,334
971,334
309,335
427,335
851,335
851,335
24,336
276,336
822,336
916,336
916,336
916,336
916,336
956,336
956,336
956,336
163,337
388,337
434,337
688,337
932,337
86,338
407,338
373,339
373,339
879,339
141,340
459,340
459,340
466,340
625,340
245,341
245,341
135,342
339,342
133,343
792,343
921,343
921,343
42,344
942,344
354,345
807,345
807,345
897,345
897,345
970,345
740,346
740,346
740,346
870,346
870,346
6,347
397,347
397,347
773,347
954,347
954,347
954,347
169,348
192,348
208,348
625,348
699,348
727,348
784,348
822,348
822,348
840,348
131,349
160,349
160,349
443,349
709,349
856,349
46,350
149,352
259,352
259,352
275,352
275,352
315,352
421,352
720,352
945,352
221,353
359,353
359,353
30,354
165,354
165,354
165,354
318,354
338,354
338,354
379,354
794,354
794,354
794,354
60,355
215,355
300,355
629,355
759,355
759,355
765,355
765,355
930,355
930,355
990,355
990,355
133,356
133,356
180,356
237,356
635,356
635,356
784,356
857,356
914,356
914,356
334,358
729,358
729,358
816,358
816,358
816,358
9,359
31,359
31,359
372,359
372,359
162,360
162,360
162,360
190,360
190,360
688,360
688,360
688,360
824,360
824,360
707,361
883,361
883,361
320,362
320,362
320,362
407,362
835,362
835,362
926,362
176,363
176,363
291,363
749,363
954,363
954,363
33,364
33,364
33,364
107,365
808,365
808,365
877,365
199,366
259,366
937,366
978,366
223,367
644,367
693,367
693,367
693,367
693,367
913,367
913,367
913,367
140,368
140,368
281,368
389,368
759,368
114,369
147,369
147,369
204,369
302,369
302,369
865,369
41,370
41,370
169,370
241,371
661,371
786,371
22,372
22,372
129,372
129,372
129,372
187,372
680,372
256,373
341,373
341,373
714,373
725,373
765,373
997,373
997,373
997,373
630,374
630,374
891,374
91,375
91,375
263,375
917,375
928,375
928,375
159,376
159,376
148,377
148,377
308,377
308,377
729,377
801,377
821,377
821,377
945,377
175,378
577,378
577,378
32,379
200,379
301,379
857,379
857,379
101,380
101,380
339,380
339,380
339,380
366,380
792,380
252,381
702,381
702,381
112,382
752,382
607,383
637,383
637,383
272,384
697,384
697,384
842,384
842,384
163,385
187,385
187,385
242,385
357,385
675,385
828,385
928,385
961,385
91,386
91,386
83,387
507,387
571,387
571,387
808,387
808,387
866,387
977,387
729,388
778,388
873,388
20,389
284,389
714,389
962,389
64,390
64,390
141,390
509,390
651,390
742,390
916,390
951,390
149,391
228,391
345,391
658,391
658,391
213,392
737,392
771,392
310,393
587,393
650,393
650,393
792,393
88,394
327,395
796,395
796,395
220,396
533,396
533,396
988,396
988,396
56,397
80,397
247,397
247,397
848,397
848,397
115,398
141,398
727,398
752,398
752,398
148,399
600,399
640,399
701,399
894,399
894,399
894,399
103,401
252,401
252,401
126,402
508,402
697,402
715,402
936,402
936,402
496,403
516,403
569,403
569,403
569,403
738,403
745,403
169,404
43,405
628,405
815,405
873,405
873,405
198,406
685,406
889,406
889,406
889,406
930,406
930,406
82,407
82,407
82,407
490,407
809,407
154,408
617,408
732,408
732,408
732,408
500,409
641,409
831,410
831,410
982,410
982,410
982,410
602,411
602,411
602,411
719,411
719,411
753,411
753,411
185,412
482,412
521,412
921,412
921,412
110,413
302,413
457,413
457,413
473,413
544,413
544,413
544,413
973,413
98,414
592,414
592,414
235,415
524,415
662,415
856,415
856,415
31,416
607,416
637,416
676,416
771,416
771,416
208,417
254,417
478,417
657,417
657,417
657,417
960,417
167,418
726,418
726,418
738,418
738,418
783,418
783,418
783,418
599,419
599,419
574,420
574,420
707,420
707,420
707,420
101,421
843,421
174,422
526,422
587,422
587,422
587,422
21,423
201,423
201,423
225,423
642,423
56,424
263,424
276,424
457,424
934,424
131,426
181,426
887,426
37,427
37,427
37,427
664,427
664,427
711,427
752,427
752,427
823,427
862,428
961,428
961,428
121,429
121,429
151,429
599,429
647,429
10,430
433,430
448,430
448,430
462,430
674,430
674,430
674,430
687,430
994,430
26,431
107,431
107,431
135,431
147,431
214,431
554,431
554,431
554,431
607,431
799,431
622,432
82,433
82,433
841,433
900,433
159,434
583,434
954,434
418,435
696,435
753,435
753,435
362,436
404,436
629,436
642,436
33,437
57,437
100,437
121,437
268,437
86,438
545,438
731,438
234,439
506,439
506,439
597,439
597,439
616,439
825,439
825,439
825,439
836,439
836,439
868,439
884,439
884,439
20,440
20,440
132,440
253,440
941,440
941,440
996,440
68,441
158,441
158,441
424,441
501,441
662,441
782,441
181,442
181,442
219,442
219,442
525,442
740,442
813,442
813,442
365,443
849,443
983,443
125,444
623,444
611,445
680,445
708,445
708,445
212,446
406,446
933,446
933,446
108,447
535,447
771,447
771,447
87,448
468,448
636,448
39,449
48,449
146,449
846,449
901,449
3,450
199,450
692,450
692,450
878,450
970,450
558,451
807,451
912,451
912,451
34,452
112,452
381,452
527,452
97,453
178,453
178,453
514,453
514,453
757,453
773,453
967,453
72,454
266,454
591,454
788,455
409,456
503,456
951,456
171,457
187,457
187,457
187,457
957,457
100,458
154,458
351,458
366,458
485,458
485,458
539,458
676,458
676,458
529,459
683,459
683,459
734,459
83,460
654,460
704,460
704,460
932,460
932,460
932,460
932,460
454,461
870,461
870,461
870,461
886,461
886,461
32,462
613,462
613,462
644,462
644,462
644,462
644,462
733,462
733,462
741,462
741,462
818,462
837,463
145,464
145,464
371,464
631,464
803,464
57,465
669,465
785,465
785,465
785,465
996,466
14,467
91,467
350,467
350,467
660,467
857,467
937,467
437,468
437,468
710,468
710,468
853,468
901,468
421,469
459,469
919,469
975,469
975,469
107,470
550,470
723,470
759,470
875,470
113,471
157,471
535,471
696,471
696,471
815,471
815,471
847,471
333,472
333,472
528,472
566,472
598,472
598,472
628,472
628,472
628,472
628,472
91,473
126,473
126,473
23,474
42,474
355,474
355,474
495,474
672,474
672,474
672,474
994,474
35,475
487,475
487,475
653,475
653,475
719,475
719,475
719,475
339,476
339,476
556,476
622,476
323,477
684,477
684,477
769,477
791,477
791,477
791,477
891,477
141,478
141,478
141,478
301,478
610,478
741,478
741,478
861,478
452,479
904,479
114,480
305,480
784,480
784,480
784,480
72,481
133,481
133,481
719,482
719,482
719,482
821,482
821,482
843,482
843,482
444,483
516,483
870,483
870,483
436,484
511,484
885,484
48,485
113,485
307,485
359,485
396,485
408,485
422,485
966,485
966,485
83,486
699,486
699,486
392,487
462,487
805,487
805,487
805,487
637,488
637,488
637,488
641,488
641,488
725,488
725,488
18,489
315,489
479,489
575,489
5,490
373,490
373,490
373,490
538,490
653,490
653,490
754,490
754,490
964,490
964,490
987,490
453,491
453,491
453,491
560,491
618,491
618,491
684,491
684,491
984,491
503,492
832,492
832,492
832,492
832,492
54,493
54,493
501,493
553,493
736,493
736,493
779,493
327,494
339,494
362,494
94,495
413,495
23,496
450,496
450,496
450,496
674,496
46,497
338,497
607,497
630,497
641,497
641,497
765,497
765,497
765,497
306,498
467,498
467,498
857,498
904,498
904,498
904,498
537,499
818,499
962,499
88,500
368,500
411,500
411,500
714,500
714,500
83,501
832,501
832,501
832,501
33,502
148,502
148,502
242,502
380,502
439,502
439,502
511,502
511,502
511,502
633,502
633,502
76,503
580,503
703,503
547,504
65,505
212,505
385,505
460,505
460,505
460,505
495,505
495,505
228,506
228,506
528,506
528,506
575,506
661,506
661,506
10,507
478,507
478,507
478,507
478,507
980,508
784,509
233,510
314,510
314,510
476,510
476,510
476,510
525,510
525,510
649,510
649,510
730,510
760,510
760,510
993,510
588,511
722,511
331,512
360,512
380,512
432,512
967,512
569,513
672,513
47,514
402,514
402,514
681,514
681,514
215,515
240,515
246,516
394,516
394,516
521,516
817,516
18,517
493,517
493,517
493,517
501,517
544,517
544,517
356,518
939,518
979,518
644,519
35,520
232,520
636,520
636,520
696,520
972,520
576,521
722,521
722,521
741,521
853,521
853,521
798,522
798,522
901,522
347,523
568,523
752,523
752,523
782,523
863,523
863,523
249,524
463,524
556,524
707,524
707,524
790,524
590,525
683,525
184,526
335,526
443,526
443,526
520,526
17,527
300,527
475,527
475,527
475,527
674,527
674,527
219,528
742,528
889,528
917,528
917,528
165,529
165,529
360,529
360,529
228,530
315,530
501,530
501,530
545,530
698,530
698,530
698,530
885,530
571,531
625,531
936,531
981,531
418,532
970,532
168,533
308,533
422,533
870,533
914,533
914,533
350,534
378,534
657,534
690,534
690,534
761,534
773,534
905,534
193,535
237,536
464,536
479,536
479,536
713,536
713,536
249,537
256,537
731,537
731,537
826,537
847,538
847,538
296,539
448,539
448,539
806,539
985,539
388,540
453,540
468,540
468,540
586,540
596,540
670,540
670,540
948,540
174,541
421,541
881,541
327,542
365,542
655,542
655,542
721,542
721,542
924,542
924,542
924,542
154,543
154,543
154,543
154,543
223,543
518,543
641,543
641,543
701,543
701,543
799,543
817,543
976,543
193,544
229,544
578,544
740,544
211,545
277,545
486,545
543,545
543,545
253,546
253,546
405,547
405,547
415,547
908,547
366,548
446,548
446,548
567,548
305,549
193,550
470,550
470,550
692,550
692,550
692,550
335,551
382,551
601,551
805,551
290,552
418,552
661,552
661,552
513,553
647,553
839,553
123,554
238,554
274,554
338,554
591,554
321,555
321,555
321,555
633,555
675,555
675,555
717,555
782,555
868,555
82,556
361,556
554,556
164,557
504,557
824,557
897,557
910,557
151,558
472,558
494,558
943,558
135,559
935,559
935,559
935,559
979,559
429,560
604,560
759,560
177,561
186,561
186,561
196,561
707,561
920,561
920,561
264,562
264,562
313,562
313,562
454,562
454,562
811,562
832,562
832,562
694,563
229,564
466,564
75,565
214,565
214,565
256,565
256,565
256,565
376,565
822,565
822,565
822,565
822,565
866,565
888,565
959,565
286,566
385,566
385,566
400,566
400,566
933,566
933,566
86,567
244,567
244,567
560,567
607,567
646,567
646,567
689,567
949,567
594,568
751,568
751,568
875,568
875,568
169,569
349,569
662,569
151,570
151,570
327,570
327,570
441,570
987,570
266,571
266,571
266,571
925,571
925,571
575,572
613,573
36,574
413,574
413,574
413,574
670,575
93,576
141,576
816,576
360,577
360,577
731,577
593,578
894,578
310,579
665,579
665,579
77,580
77,580
289,580
239,581
239,581
260,581
260,581
347,581
538,581
429,582
429,582
771,582
771,582
784,582
835,582
875,582
175,583
175,583
373,583
373,583
617,583
207,584
965,584
990,584
42,585
223,585
406,585
446,585
900,585
941,585
137,586
270,586
696,586
714,586
236,587
437,587
574,587
583,587
599,587
793,587
953,587
243,588
243,588
509,588
691,588
463,589
889,589
157,590
157,590
316,590
316,590
499,590
805,590
805,590
805,590
743,591
743,591
743,591
911,591
56,592
226,592
392,592
392,592
542,592
992,592
852,593
327,594
327,594
822,594
302,595
367,595
412,596
276,597
781,597
968,597
351,598
351,598
793,598
793,598
85,599
265,599
896,599
896,599
152,600
163,600
370,600
442,600
674,600
806,600
942,600
942,600
169,601
230,601
594,601
898,601
898,601
120,602
346,602
401,602
475,602
579,602
716,602
716,602
751,602
751,602
916,602
555,603
610,603
610,603
860,603
518,604
730,604
730,604
813,604
813,604
23,605
683,605
766,605
899,605
899,605
100,606
100,606
384,606
556,606
696,606
696,606
696,606
191,607
275,607
826,607
175,608
395,608
395,608
781,608
781,608
866,608
910,608
910,608
671,609
671,609
875,609
140,610
744,610
839,610
896,610
943,610
943,610
943,610
598,611
216,612
298,612
352,612
352,612
352,612
352,612
967,612
967,612
930,613
80,614
724,614
724,614
756,614
205,615
245,615
245,615
366,615
408,615
480,615
538,615
538,615
588,615
841,615
886,615
886,615
886,615
284,616
284,616
284,616
734,616
851,616
851,616
236,617
669,617
753,617
937,617
125,618
448,618
509,618
952,618
18,620
27,620
691,620
691,620
796,621
796,621
796,621
912,621
912,621
111,622
111,622
166,622
814,622
80,623
136,623
315,623
387,623
710,623
710,623
783,623
783,623
69,624
179,624
763,624
763,624
864,624
126,625
344,625
344,625
680,625
680,625
825,625
906,625
242,626
804,626
804,626
94,627
94,627
187,627
187,627
187,627
614,627
209,628
522,628
715,628
768,628
249,629
249,629
329,629
895,629
895,629
154,630
154,630
154,630
538,630
777,630
777,630
196,631
710,631
710,631
810,631
268,632
427,632
33,633
60,633
303,633
506,633
506,633
591,633
463,634
662,634
755,634
755,634
53,635
77,635
141,635
141,635
478,635
478,635
478,635
841,635
926,635
926,635
609,636
26,637
118,637
118,637
170,637
722,637
722,637
731,637
684,638
878,638
878,638
184,639
290,639
290,639
527,639
586,639
764,639
203,640
518,640
518,640
630,640
808,640
808,640
830,640
35,641
35,641
49,641
49,641
94,641
392,641
582,641
695,641
716,641
716,641
61,642
318,642
580,642
602,642
602,642
797,642
797,642
308,644
841,644
467,645
589,645
940,645
480,646
480,646
756,646
821,646
261,647
261,647
559,647
571,647
10,648
145,648
145,648
145,648
166,648
166,648
685,648
23,649
74,649
274,649
449,649
449,649
693,649
621,650
737,650
203,651
311,651
643,651
131,652
346,652
346,652
583,652
670,652
731,652
399,653
399,653
703,653
795,653
943,653
36,654
36,654
242,654
242,654
292,654
292,654
321,654
720,654
720,654
50,655
50,655
123,655
234,655
537,655
776,655
776,655
612,656
853,656
863,656
334,657
409,657
882,657
203,658
532,658
839,658
16,659
186,659
227,659
561,659
593,659
649,659
268,660
268,660
685,660
750,660
602,661
602,661
13,662
111,662
297,662
297,662
401,662
471,662
62,663
176,663
327,663
373,663
424,663
459,663
726,663
726,663
982,663
982,663
244,664
704,664
704,664
814,664
814,664
38,665
38,665
93,665
151,665
771,665
3,666
166,666
740,666
806,667
806,667
108,668
256,668
715,668
715,668
637,669
637,669
822,669
832,669
40,670
678,670
678,670
27,671
121,671
121,671
211,671
554,671
802,671
802,671
847,671
954,671
52,672
52,672
138,672
196,672
347,672
429,672
429,672
429,672
650,672
797,672
797,672
89,673
89,673
215,673
285,673
320,673
608,673
155,674
186,674
622,674
700,674
700,674
718,674
59,675
514,675
592,675
592,675
395,676
259,677
259,677
590,677
747,677
790,677
790,677
5,678
99,678
99,678
320,678
493,678
500,678
801,678
815,678
13,679
13,679
219,679
242,679
424,679
424,679
424,679
783,679
71,680
71,680
292,680
527,680
527,680
583,680
583,680
651,681
732,681
732,681
33,682
33,682
331,682
717,682
717,682
982,682
935,683
109,684
154,684
164,684
356,684
504,684
695,684
951,684
56,685
217,685
147,686
269,686
344,686
405,686
405,686
414,686
414,686
363,687
363,687
363,687
776,687
187,688
187,688
801,688
956,688
971,688
971,688
23,689
76,689
205,689
205,689
795,690
65,691
65,691
122,691
136,691
224,691
537,691
274,692
328,692
585,692
643,692
5,693
5,693
258,693
258,693
461,693
496,693
622,693
238,694
238,694
371,695
603,695
603,695
539,696
723,696
453,697
600,697
600,697
664,697
948,697
948,697
948,697
81,698
81,698
81,698
172,698
243,698
243,698
279,698
528,698
106,699
116,699
162,699
162,699
548,699
659,699
203,700
476,700
570,700
693,700
740,701
129,702
148,702
148,702
529,702
91,703
91,703
119,703
320,703
484,703
764,703
14,704
46,704
647,704
647,704
984,704
995,704
995,704
995,704
193,705
438,705
591,705
366,706
464,706
706,706
719,706
977,706
977,706
233,707
308,707
738,707
80,708
80,708
216,708
352,708
500,708
661,708
661,708
928,708
928,708
18,709
295,709
36,710
332,710
989,710
989,710
63,711
63,711
63,711
530,711
604,711
628,711
231,712
511,712
943,712
120,713
134,713
251,713
251,713
912,713
912,713
496,714
577,714
577,714
577,714
160,715
160,715
160,715
276,715
276,715
276,715
276,715
51,716
51,716
51,716
89,716
89,716
184,716
666,716
956,716
956,716
451,717
474,717
98,718
282,718
282,718
282,718
549,718
591,718
624,718
56,719
56,719
56,719
401,719
484,719
484,719
662,719
42,720
42,720
334,720
334,720
614,720
614,720
931,720
224,721
645,721
645,721
645,721
674,721
844,721
844,721
884,722
972,722
972,722
972,722
83,723
83,723
83,723
442,723
469,723
469,723
469,723
941,723
941,723
204,724
401,724
167,725
182,725
219,725
296,725
421,725
7,726
7,726
7,726
264,726
264,726
310,726
386,726
960,727
960,727
40,728
117,728
117,728
285,728
285,728
413,728
505,728
604,728
604,728
243,729
243,729
243,729
403,729
531,729
590,729
69,730
633,730
633,730
633,730
870,730
870,730
897,731
897,731
506,732
546,732
818,732
526,733
648,733
680,733
859,733
859,733
620,734
620,734
63,735
63,735
189,735
219,735
576,735
228,736
472,736
482,736
553,736
965,736
16,737
105,737
184,737
184,737
260,737
260,737
268,737
268,737
268,737
376,737
943,737
943,737
250,738
290,738
290,738
446,738
885,738
923,738
923,738
351,739
458,739
458,739
9,740
42,740
82,740
492,740
171,741
442,741
442,741
485,741
547,741
547,741
613,741
868,741
868,741
987,742
987,742
987,742
74,743
203,743
203,743
281,743
281,743
361,743
884,743
628,744
628,744
628,744
659,744
796,744
10,745
10,745
338,745
95,746
116,746
427,746
34,747
34,747
268,747
268,747
382,747
676,747
832,748
964,748
394,749
531,749
531,749
531,749
204,750
481,750
509,750
557,750
374,751
444,751
444,751
544,751
908,751
430,752
460,752
890,752
890,752
19,754
55,754
233,754
662,754
662,754
814,754
814,754
874,754
874,754
192,755
417,755
596,755
596,755
806,755
806,755
946,755
946,755
245,756
316,756
567,756
152,757
532,757
532,757
821,757
125,758
520,758
526,758
526,758
613,758
839,758
839,758
177,759
973,759
973,759
486,760
486,760
680,760
588,761
50,762
50,762
221,762
221,762
491,762
491,762
895,762
895,762
960,762
980,762
931,763
931,763
10,764
10,764
791,764
863,764
884,764
884,764
82,766
82,766
347,766
347,766
501,766
575,766
678,766
686,766
190,767
811,767
811,767
947,767
116,768
306,768
306,768
306,768
321,768
376,768
409,768
409,768
472,768
356,769
315,770
434,770
449,770
449,770
214,771
214,771
627,771
316,772
330,772
510,772
547,772
547,772
664,772
829,772
920,772
196,773
392,773
843,773
967,773
996,773
55,774
55,774
91,774
91,774
91,774
91,774
114,774
785,774
23,775
128,775
531,775
598,775
598,775
598,775
639,775
462,776
462,776
669,776
891,776
891,776
258,777
303,777
776,777
944,777
263,778
263,778
630,778
765,778
182,779
182,779
865,779
865,779
865,779
152,780
565,781
565,781
565,781
752,781
879,781
982,781
66,782
320,782
480,782
480,782
480,782
920,782
259,783
259,783
259,783
369,783
369,783
654,783
96,784
96,784
96,784
527,784
745,784
338,785
601,786
772,786
8,787
241,787
833,787
290,788
290,788
421,788
550,788
66,789
433,789
433,789
433,789
611,789
235,790
449,790
507,790
567,790
567,790
617,790
826,790
78,791
78,791
105,791
105,791
306,791
352,791
726,791
859,791
405,792
405,792
758,792
955,792
987,792
149,793
149,793
255,793
255,793
551,793
598,793
715,793
715,793
527,794
13,795
119,795
119,795
119,795
217,795
682,795
719,795
719,795
791,795
377,796
377,796
441,796
493,796
472,797
570,797
922,797
922,797
211,798
614,798
614,798
974,798
309,799
463,799
41,800
711,800
711,800
942,800
958,800
264,801
264,801
264,801
801,801
234,802
291,802
375,802
375,802
426,802
203,803
769,803
769,803
887,803
912,803
75,804
75,804
75,804
539,804
749,804
583,805
583,805
760,805
819,805
926,805
957,805
55,806
125,806
125,806
192,806
332,806
521,806
836,806
836,806
875,806
463,807
224,808
244,808
244,808
402,808
402,808
898,808
689,809
689,809
857,809
390,810
506,810
669,810
735,810
547,811
938,811
15,812
15,812
15,812
89,812
89,812
89,812
214,812
420,812
420,812
586,812
586,812
645,812
645,812
645,812
746,812
179,814
210,814
491,814
766,814
766,814
915,814
915,814
915,814
319,815
319,815
634,815
660,815
805,815
992,815
68,816
163,816
285,816
285,816
434,816
576,816
774,816
774,816
774,816
860,816
930,816
247,817
481,817
481,817
481,817
960,817
695,818
695,818
695,818
902,818
902,818
197,819
224,819
224,819
264,819
264,819
446,819
338,820
727,820
97,821
97,821
459,821
511,821
511,821
642,821
642,821
22,822
22,822
147,822
232,822
232,822
622,822
658,822
728,822
84,823
84,823
84,823
185,823
205,823
475,823
677,823
677,823
677,823
758,823
274,824
274,824
274,824
372,824
372,824
494,824
729,824
991,824
357,825
734,825
741,825
775,825
775,825
811,825
416,826
435,826
530,826
530,826
553,826
636,826
712,826
712,826
762,826
762,826
8,827
176,827
269,827
279,827
279,827
279,827
279,827
309,827
400,827
607,827
607,827
886,827
886,827
886,827
913,827
931,827
948,827
382,828
382,828
501,828
604,828
604,828
624,828
624,828
832,828
862,828
862,828
136,829
226,829
226,829
486,829
543,829
40,830
792,830
970,830
334,831
610,831
647,831
493,832
637,832
852,832
165,833
208,833
208,833
235,833
235,833
336,833
515,833
586,833
586,833
932,833
263,834
347,834
758,834
983,834
188,835
188,835
535,835
829,835
829,835
449,836
449,836
449,836
803,836
881,836
881,836
881,836
904,836
152,837
152,837
219,837
490,837
523,837
665,837
744,837
772,837
253,838
283,838
575,838
575,838
682,838
682,838
682,838
724,838
724,838
847,838
966,838
479,839
114,840
392,840
392,840
591,840
591,840
568,841
568,841
582,841
582,841
661,841
761,841
761,841
895,841
913,842
988,842
13,843
13,843
13,843
13,843
20,843
20,843
371,843
402,843
796,843
937,843
937,843
937,843
39,844
139,844
356,844
678,844
678,844
706,844
706,844
11,845
11,845
337,845
337,845
464,845
727,845
196,846
196,846
240,846
747,846
856,846
866,846
502,847
631,847
839,847
839,847
319,848
319,848
893,848
557,849
557,849
557,849
688,849
688,849
854,849
122,850
154,850
266,850
93,851
209,851
209,851
388,851
496,851
496,851
730,851
730,851
941,851
941,851
229,852
229,852
445,852
627,852
872,852
372,853
546,853
743,853
743,853
769,853
769,853
488,854
670,854
670,854
434,855
434,855
586,855
606,855
640,855
994,855
90,856
166,856
720,856
963,856
185,857
185,857
757,857
809,857
809,857
856,857
907,857
216,858
216,858
216,858
247,858
655,858
655,858
737,858
99,859
889,859
889,859
144,860
144,860
280,860
359,860
563,860
686,860
686,860
686,860
717,860
423,861
788,861
944,861
259,862
259,862
259,862
540,862
678,862
678,862
678,862
699,862
699,862
231,863
231,863
283,863
689,863
931,863
118,864
118,864
200,864
200,864
390,864
390,864
403,864
459,864
459,864
710,864
889,864
608,865
922,865
291,866
673,866
673,866
970,866
661,867
661,867
827,867
516,868
696,868
907,868
907,868
53,869
761,869
761,869
39,870
425,870
502,870
502,870
735,870
735,870
946,870
960,870
86,871
91,871
100,871
100,871
879,871
879,871
519,872
555,872
623,872
703,872
703,872
129,873
129,873
158,873
158,873
571,873
673,873
844,873
937,873
273,874
273,874
473,874
902,874
902,874
645,875
681,875
865,875
987,875
197,876
197,876
197,876
438,876
669,876
669,876
752,876
837,876
378,877
287,878
598,878
136,879
795,879
922,879
492,880
586,880
783,880
811,880
941,880
117,881
117,881
117,881
237,881
237,881
8,882
20,882
478,882
552,882
571,882
958,882
67,883
421,883
857,883
857,883
87,884
211,884
211,884
211,884
223,884
223,884
223,884
223,884
248,884
263,884
361,884
361,884
750,884
59,885
154,885
195,885
195,885
626,885
626,885
792,885
166,886
378,886
726,886
726,886
767,886
767,886
916,886
972,886
121,887
121,887
992,887
42,888
99,888
177,888
483,888
829,888
829,888
343,889
455,889
760,889
291,890
7,892
7,892
7,892
201,892
258,892
258,892
523,892
545,892
678,892
678,892
929,892
147,893
564,893
564,893
901,893
326,894
335,894
335,894
809,894
809,894
90,895
589,895
988,895
107,896
193,896
240,896
240,896
921,896
159,897
159,897
159,897
159,897
391,897
391,897
449,897
472,897
657,897
721,897
771,897
771,897
965,897
16,898
37,898
37,898
282,898
309,898
494,898
494,898
628,898
342,899
384,899
435,899
615,899
791,899
54,900
54,900
204,900
204,900
375,900
506,900
891,900
69,901
126,901
701,901
764,901
764,901
256,902
810,902
810,902
948,902
118,903
118,903
118,903
423,903
611,903
653,903
993,903
249,904
249,904
249,904
519,904
707,904
975,905
99,906
99,906
148,906
148,906
599,906
689,906
783,906
817,906
53,907
53,907
293,907
552,907
552,907
855,907
903,907
18,908
175,908
175,908
175,908
175,908
228,908
279,908
437,908
766,908
822,908
195,909
195,909
883,909
883,909
883,909
925,909
980,909
116,910
116,910
354,910
870,910
870,910
943,910
943,910
239,911
427,911
622,911
513,912
513,912
974,912
21,913
452,913
452,913
452,913
779,913
189,914
189,914
189,914
189,914
409,914
409,914
580,914
697,914
697,914
697,914
724,914
734,914
32,915
135,915
313,915
396,915
396,915
396,915
65,916
65,916
80,916
80,916
156,916
156,916
470,916
470,916
561,916
602,916
602,916
794,916
896,916
30,917
683,917
536,918
546,918
546,918
620,918
987,918
254,919
308,919
575,919
575,919
575,919
839,919
217,920
100,921
100,921
183,921
183,921
375,921
399,921
481,921
639,921
639,921
755,921
768,921
814,921
35,922
120,922
197,922
244,922
533,922
533,922
533,922
533,922
657,922
970,922
53,923
53,923
133,923
601,925
948,925
948,925
977,925
168,926
445,926
693,926
706,926
777,926
934,926
11,927
11,927
862,927
862,927
862,927
156,928
156,928
156,928
156,928
499,928
883,928
883,928
178,929
178,929
356,929
743,929
664,930
699,930
699,930
699,930
785,930
785,930
909,930
909,930
52,931
52,931
52,931
246,931
379,931
489,931
533,931
551,931
800,931
110,932
146,932
569,933
591,933
750,933
984,933
984,933
984,933
33,934
432,934
646,934
2,935
2,935
122,935
122,935
520,935
648,935
723,935
743,935
89,936
89,936
473,936
473,936
821,936
212,937
238,937
238,937
718,937
38,938
256,938
256,938
361,938
377,938
571,938
140,939
352,939
417,939
417,939
624,939
624,939
624,939
788,939
788,939
788,939
834,939
849,939
973,939
973,939
114,940
490,940
702,940
864,940
168,941
640,941
763,941
763,941
938,941
241,942
241,942
812,942
180,943
302,943
413,943
413,943
454,943
464,943
464,943
610,943
610,943
734,943
734,943
481,944
593,944
874,944
74,945
74,945
148,945
423,945
423,945
518,945
770,945
860,945
541,946
656,946
45,947
620,947
620,947
681,947
833,947
833,947
348,948
368,948
581,948
622,949
712,949
712,949
940,949
243,950
243,950
243,950
395,950
476,950
476,950
871,950
994,950
994,950
163,952
275,952
726,952
797,952
118,953
118,953
139,953
215,953
460,953
640,953
195,954
255,954
666,954
666,954
675,954
9,955
9,955
9,955
9,955
151,955
200,955
212,955
559,955
559,955
783,955
783,955
898,955
965,955
965,955
982,955
439,956
439,956
501,956
501,956
944,956
87,957
87,957
242,957
242,957
479,957
479,957
759,957
771,957
608,958
608,958
912,958
64,959
417,959
417,959
120,960
346,960
514,960
548,960
548,960
703,960
237,961
237,961
299,961
299,961
432,961
432,961
441,961
441,961
441,961
187,962
275,962
275,962
400,962
22,963
598,963
987,963
318,964
370,965
679,965
679,965
859,965
691,966
717,966
717,966
928,966
996,966
996,966
8,967
104,967
770,967
809,967
809,967
809,967
37,968
37,968
380,968
443,968
592,968
612,968
818,968
948,968
85,969
85,969
404,969
404,969
955,969
184,970
227,970
293,970
496,970
348,971
782,971
321,972
523,972
539,972
539,972
539,972
539,972
792,972
792,972
470,973
71,974
107,974
272,974
403,974
403,974
504,974
733,974
238,976
386,976
481,976
558,976
558,976
659,976
514,977
622,977
804,977
804,977
886,977
3,978
58,978
358,978
473,978
633,978
709,978
709,978
709,978
709,978
926,978
961,978
961,978
961,978
37,979
206,979
287,979
319,979
605,979
978,979
978,979
197,980
197,980
197,980
436,980
944,980
253,981
253,981
335,981
453,981
498,981
546,981
572,981
572,981
572,981
994,981
994,981
95,982
408,982
408,982
515,983
515,983
834,983
844,984
844,984
975,984
975,984
975,984
751,985
751,985
792,985
327,986
486,986
729,986
864,986
864,986
901,986
901,986
6,987
56,987
439,987
190,988
190,988
952,988
952,988
952,988
370,989
370,989
376,989
535,989
822,989
822,989
712,990
712,990
248,991
427,991
634,991
645,991
684,991
684,991
74,992
103,992
398,993
583,993
832,993
918,993
307,994
548,994
779,994
384,995
575,995
575,995
672,995
13,996
811,996
811,996
198,997
330,997
442,997
657,997
657,997
788,997
864,997
19,2
310,2
310,2
435,2
440,2
563,2
127,3
161,3
231,3
231,3
420,3
712,3
712,3
774,3
871,3
986,3
186,5
247,5
247,5
360,5
647,5
647,5
737,5
792,5
468,6
468,6
928,6
928,6
928,6
291,7
291,7
481,7
481,7
641,7
376,8
390,9
2,10
138,10
138,10
264,10
207,11
875,11
961,11
278,12
278,12
278,12
211,13
718,13
718,13
734,13
734,13
855,13
108,14
108,14
108,14
251,14
251,14
663,14
663,14
812,14
930,14
930,14
426,15
600,15
600,15
600,15
619,15
230,16
230,16
402,16
438,17
539,17
774,17
774,17
774,17
508,18
657,18
657,18
964,18
964,18
387,19
387,19
493,19
493,19
830,19
830,19
923,19
923,19
611,20
636,20
445,22
798,22
900,22
879,23
879,23
879,23
908,23
330,24
330,24
467,24
534,24
682,24
828,24
828,24
111,25
111,25
129,25
199,25
368,25
625,25
945,25
435,26
148,27
284,27
417,27
499,27
884,27
884,27
884,27
260,28
260,28
528,28
690,28
894,28
894,28
183,29
337,29
337,29
337,29
604,29
319,30
319,30
319,30
319,30
594,30
977,30
977,30
977,30
78,31
78,31
521,31
929,31
929,31
929,31
372,32
816,32
230,33
230,33
230,33
712,34
767,34
968,34
968,34
968,34
867,35
438,36
641,36
641,36
641,36
740,36
740,36
148,37
148,37
572,37
572,37
701,37
659,38
685,38
708,38
975,38
975,38
409,39
776,39
776,39
776,39
79,41
344,41
344,41
344,41
612,41
809,41
840,41
840,41
447,42
447,42
63,43
178,43
178,43
506,43
623,43
72,44
347,44
347,44
490,44
490,44
688,44
898,44
898,44
898,44
972,44
972,44
499,45
499,45
245,46
245,46
245,46
827,46
827,46
827,46
96,47
96,47
96,47
216,47
216,47
426,47
426,47
426,47
565,47
565,47
565,47
587,47
587,47
787,47
787,47
157,48
683,48
863,48
925,48
925,48
188,49
643,50
643,50
643,50
643,50
222,51
327,51
327,51
900,51
387,52
547,52
754,52
754,52
284,53
414,53
414,53
779,53
779,53
302,54
802,54
802,54
948,54
948,54
595,55
595,55
595,55
616,55
816,55
816,55
873,55
873,55
476,57
151,58
151,58
151,58
212,58
212,58
842,59
548,60
763,60
915,60
915,60
86,61
143,61
300,61
425,61
473,61
257,62
290,62
661,62
43,63
412,63
412,63
412,63
700,63
700,63
752,63
834,63
851,63
455,64
744,64
890,64
530,65
185,66
185,66
234,66
564,66
630,66
630,66
630,66
714,66
714,66
924,67
924,67
938,67
162,68
162,68
162,68
585,68
63,69
63,69
433,69
33,70
735,70
914,71
914,71
107,72
648,72
648,72
700,72
700,72
700,72
700,72
279,73
200,74
679,74
800,74
819,74
819,74
176,75
176,75
624,75
624,75
866,75
880,75
880,75
880,75
970,75
845,76
144,77
144,77
407,77
892,77
892,77
266,78
266,78
435,78
26,79
171,79
717,79
802,79
955,79
955,79
44,80
78,80
78,80
78,80
665,80
899,80
899,80
899,80
907,80
907,80
228,81
228,81
557,81
557,81
822,81
374,82
374,82
449,82
885,82
885,82
928,82
523,84
523,84
606,84
729,84
924,84
499,85
296,86
296,86
630,87
646,87
646,87
13,89
13,89
220,89
256,89
337,89
337,89
337,89
337,89
435,89
693,89
760,89
67,90
67,90
67,90
177,90
532,90
532,90
811,90
887,90
887,90
379,91
869,91
920,92
112,93
112,93
158,93
158,93
584,93
584,93
295,95
753,95
773,95
836,95
836,95
91,96
168,96
856,96
904,96
904,96
181,97
181,97
356,97
356,97
721,97
210,98
210,98
329,98
484,98
46,100
46,100
46,100
659,100
139,101
139,101
139,101
198,102
198,102
198,102
273,102
571,102
633,102
967,102
37,103
37,103
69,103
69,103
69,103
578,103
670,103
180,104
617,105
617,105
935,105
55,106
55,106
251,106
251,106
280,106
280,106
496,107
819,107
884,107
156,108
156,108
228,108
228,108
518,109
587,109
748,109
894,109
955,109
287,110
717,110
788,110
918,110
980,110
645,111
645,111
989,111
989,111
361,112
702,112
863,112
555,113
555,113
555,113
780,113
333,114
333,114
468,114
605,114
605,114
385,115
929,115
312,116
45,117
497,117
682,117
93,118
186,118
846,118
856,118
487,119
487,119
487,119
487,119
763,119
940,119
289,120
366,120
166,121
261,122
261,122
261,122
261,122
284,122
620,122
620,122
620,122
856,122
185,123
202,124
202,124
20,125
574,125
797,125
834,125
337,126
337,126
337,126
893,126
151,127
387,127
387,127
387,127
475,127
475,127
109,128
225,128
965,128
76,129
512,129
512,129
886,129
916,129
668,130
935,130
121,131
141,131
539,131
539,131
562,131
562,131
643,131
720,131
956,131
588,132
588,132
599,132
619,132
619,132
619,132
786,132
449,133
859,133
9,134
249,134
375,134
692,134
775,134
486,136
486,136
758,137
37,138
37,138
37,138
184,138
371,138
478,138
478,138
943,138
290,139
355,139
546,140
921,141
630,142
361,143
41,144
41,144
41,144
139,144
508,144
508,144
926,144
48,145
48,145
48,145
211,145
211,145
571,146
571,146
897,146
536,147
659,147
798,147
879,147
813,148
84,149
458,149
868,149
175,150
160,151
160,151
650,151
184,152
184,152
913,152
108,153
108,153
497,153
530,153
823,153
844,153
218,154
470,154
470,154
489,154
864,155
68,156
314,156
560,156
560,156
10,157
251,157
251,157
729,157
335,158
404,159
619,159
619,159
655,159
857,159
268,161
286,161
286,161
286,161
168,162
429,162
804,162
146,163
146,163
173,164
482,164
694,164
777,164
833,164
833,164
35,165
35,165
501,165
581,165
581,165
462,166
786,166
296,167
296,167
296,167
296,167
322,167
322,167
385,167
871,167
202,168
538,168
61,169
716,169
716,169
407,170
407,170
750,170
812,170
606,171
735,171
735,171
85,172
85,172
85,172
85,172
436,172
516,172
516,172
657,172
657,172
11,174
556,174
556,174
556,174
724,174
724,174
859,174
143,175
143,175
143,175
486,177
285,178
285,178
285,178
367,178
367,178
472,178
119,179
307,179
307,179
307,179
680,179
680,179
649,180
746,180
838,180
838,180
65,182
238,182
250,182
250,182
361,182
388,182
401,182
401,182
542,183
542,183
109,184
427,184
427,184
515,184
515,184
634,184
134,186
134,186
479,186
508,186
615,186
359,187
380,187
171,189
171,189
502,189
704,189
704,189
803,189
9,190
9,190
580,190
580,190
221,191
528,191
732,191
823,191
428,192
428,192
206,193
282,193
282,193
57,194
448,194
520,194
520,194
293,195
372,197
47,198
64,198
64,198
247,198
247,198
399,198
196,199
196,199
604,199
211,200
211,200
962,200
104,201
564,201
593,201
257,203
335,203
637,203
782,203
740,204
170,205
170,205
79,206
125,206
278,206
419,206
419,206
65,207
65,207
65,207
225,207
325,207
790,207
447,208
526,208
526,208
542,208
542,208
91,210
162,210
162,210
684,210
720,210
55,211
55,211
55,211
320,211
780,211
503,212
147,213
147,213
381,213
560,213
48,215
358,215
358,215
358,215
760,215
760,215
228,216
228,216
399,216
399,216
663,216
516,217
516,217
516,217
32,218
237,218
600,219
650,219
537,220
73,221
191,221
191,221
307,221
355,221
355,221
640,222
640,222
747,222
904,222
205,223
712,223
430,224
430,224
450,224
450,224
450,224
970,224
218,225
94,226
177,226
177,226
177,226
3,227
64,227
245,228
295,228
295,228
407,228
407,228
624,228
728,228
883,228
883,228
883,228
115,229
115,229
115,229
115,229
321,230
76,231
103,231
132,231
132,231
132,231
582,231
785,231
577,232
599,232
47,233
231,233
472,234
520,234
520,234
520,234
676,235
676,235
869,235
869,235
869,235
993,235
192,236
192,236
360,236
360,236
440,236
440,236
440,236
35,237
423,238
454,238
844,238
499,239
558,239
600,239
14,241
701,241
103,242
341,242
341,242
873,242
873,242
873,242
211,243
282,243
179,244
292,245
357,245
357,245
357,245
653,245
653,245
560,246
944,246
213,247
381,247
46,248
46,248
59,248
150,248
150,248
575,248
915,248
312,249
406,249
473,249
930,249
532,250
541,250
671,250
671,250
951,250
75,251
268,251
346,252
346,252
462,252
845,252
27,253
831,253
22,254
93,254
93,254
93,254
383,254
383,254
258,255
600,256
600,256
636,257
449,259
813,259
136,260
136,260
984,260
322,261
563,261
658,261
658,261
658,261
932,261
71,262
788,262
788,262
387,263
426,263
49,264
49,264
248,264
432,264
521,264
197,265
307,265
355,265
355,265
355,265
610,265
644,265
644,265
27,266
95,266
95,266
587,266
587,266
817,266
994,266
994,266
625,267
625,267
334,269
334,269
383,269
978,269
33,270
288,270
288,270
374,270
374,270
925,270
581,271
581,271
858,271
507,272
548,272
548,272
64,273
64,273
12,274
121,274
121,274
121,274
396,274
174,275
180,275
232,275
780,275
932,275
347,277
347,277
567,277
870,277
964,277
302,279
487,279
84,280
221,280
762,280
900,280
141,281
884,281
321,282
62,283
62,283
268,283
268,283
912,283
952,283
601,284
162,286
525,287
765,287
112,288
958,288
958,288
386,289
386,289
407,289
582,289
24,290
24,290
24,290
223,290
935,290
207,292
517,292
992,292
226,293
552,293
736,293
921,293
336,294
463,294
801,294
843,294
41,295
41,295
41,295
364,295
632,295
4,296
4,296
4,296
433,296
886,296
906,296
950,297
263,298
289,299
289,299
300,299
968,299
968,299
69,300
69,300
315,300
491,300
491,300
491,300
387,301
448,301
133,302
938,302
938,302
199,303
278,303
278,303
278,303
710,303
883,303
899,303
197,304
529,304
917,304
722,305
973,305
973,305
33,306
33,306
122,306
417,306
727,307
100,308
100,308
304,308
10,309
10,309
344,309
344,309
423,309
470,309
470,309
470,309
470,309
990,309
990,309
990,309
109,310
333,311
819,311
819,311
946,311
946,311
179,313
179,313
867,313
867,313
617,314
96,315
198,315
198,315
883,315
972,315
972,315
972,315
277,316
277,316
400,316
684,317
746,317
120,318
120,318
224,318
224,318
46,319
251,319
251,319
931,319
931,319
955,319
955,319
451,320
26,321
166,321
663,323
864,323
780,324
348,325
990,325
990,325
103,326
103,326
213,326
213,326
213,326
301,326
833,326
156,327
383,327
438,327
438,327
650,327
650,327
650,327
65,328
65,328
452,328
8,329
326,329
413,330
413,330
796,330
805,330
487,331
187,332
196,332
196,332
622,332
908,332
908,332
945,332
945,332
477,333
653,333
653,333
224,334
266,334
266,334
363,334
763,334
763,334
763,334
853,334
853,334
971,334
971,334
88,335
23,336
276,336
688,337
820,337
955,337
955,337
406,338
406,338
467,339
459,340
877,340
245,341
339,341
897,342
921,343
921,343
942,343
42,344
793,344
793,344
969,344
969,344
740,345
740,345
740,345
806,345
169,346
169,346
169,346
955,346
6,347
335,347
397,347
870,347
129,348
208,348
208,348
176,349
176,349
191,349
191,349
784,349
784,349
840,349
840,349
328,350
700,350
708,350
856,350
938,350
938,350
144,351
144,351
260,351
260,351
422,352
30,353
219,353
359,353
359,353
164,354
164,354
216,354
319,354
300,355
929,355
929,355
991,355
991,355
991,355
60,356
236,356
634,356
634,356
766,356
766,356
913,356
140,358
140,358
163,359
163,359
371,359
371,359
730,359
730,359
816,359
816,359
816,359
967,359
706,360
825,360
825,360
687,361
687,361
406,362
750,362
883,362
883,362
836,363
836,363
954,363
291,364
33,365
809,365
809,365
809,365
809,365
187,366
198,366
260,366
978,366
978,366
223,367
644,367
759,367
146,368
146,368
282,368
389,368
867,369
41,370
114,370
662,371
23,372
23,372
128,372
128,372
128,372
786,372
341,373
341,373
631,373
714,373
174,376
263,376
821,376
728,377
31,378
31,378
31,378
577,378
577,378
577,378
857,378
857,378
857,378
945,378
945,378
101,380
366,380
609,381
252,382
701,382
752,382
842,382
842,382
272,384
272,384
90,385
243,385
505,385
827,385
827,385
928,385
349,386
675,386
808,386
808,386
867,387
867,387
976,387
976,387
20,388
728,388
776,388
873,388
83,389
915,389
915,389
955,389
651,390
651,390
742,390
953,390
342,391
738,391
149,392
230,392
771,392
60,394
586,394
221,395
326,395
792,395
792,395
88,396
311,396
532,396
80,397
247,397
848,397
848,397
600,398
600,398
641,398
141,399
753,399
894,399
509,401
126,402
697,402
569,403
569,403
715,403
191,404
873,405
43,406
889,406
930,406
930,406
930,406
198,407
618,407
809,407
82,408
82,408
82,408
501,408
501,408
628,408
640,408
982,409
982,409
720,410
185,411
753,411
753,411
832,411
832,411
474,412
110,413
302,413
921,413
921,413
921,413
972,413
543,414
233,415
233,415
31,416
178,416
637,416
658,416
658,416
676,416
771,416
771,416
771,416
607,417
736,417
736,417
960,417
168,418
208,418
255,418
726,418
726,418
784,418
784,418
599,419
101,420
574,420
574,420
574,420
843,421
526,422
588,422
588,422
642,422
201,423
201,423
275,423
275,423
263,424
457,424
56,425
56,425
934,425
710,427
823,427
888,428
888,428
960,428
960,428
448,429
686,429
686,429
686,429
727,429
10,430
122,430
213,430
213,430
462,430
607,430
148,431
134,432
582,432
800,432
83,433
555,433
555,433
897,434
419,435
752,435
752,435
752,435
161,436
161,436
362,436
404,436
584,436
642,436
57,437
85,437
268,437
100,438
233,438
941,438
254,439
506,439
506,439
597,439
67,440
132,440
867,440
867,440
867,440
997,440
219,441
424,441
662,441
662,441
782,441
180,442
180,442
740,442
525,443
813,443
813,443
125,444
623,444
983,444
15,445
93,445
611,445
680,446
934,446
535,447
88,448
468,448
48,449
488,449
772,449
772,449
846,449
3,450
200,450
902,450
33,451
514,451
525,451
692,451
692,451
913,451
913,451
144,452
144,452
381,452
559,452
966,452
526,453
591,453
758,453
758,453
773,453
96,454
707,454
707,454
788,454
179,455
503,455
503,455
71,456
409,456
409,456
484,457
484,457
957,457
368,458
539,458
32,459
351,459
734,459
734,459
83,460
99,460
685,460
685,460
454,461
705,461
705,461
814,461
814,461
870,461
870,461
870,461
885,461
613,462
613,462
643,463
643,463
371,464
631,464
631,464
802,464
59,465
785,465
785,465
785,465
165,466
660,466
669,466
936,466
349,467
89,468
437,468
420,469
851,469
851,469
900,469
975,469
759,470
921,470
156,471
334,471
334,471
334,471
709,471
709,471
815,471
815,471
815,471
126,472
126,472
535,472
566,472
41,473
23,474
672,474
494,475
489,476
719,476
770,476
891,476
323,477
621,477
621,477
621,477
302,479
71,480
134,480
134,480
452,480
784,480
784,480
784,480
114,481
3,482
56,482
843,482
843,482
843,482
443,484
511,484
869,484
886,484
49,485
359,485
396,485
396,485
423,485
966,485
82,486
700,486
700,486
804,486
392,487
392,487
575,487
315,488
478,489
540,490
652,490
5,491
374,491
560,491
618,491
502,492
754,492
754,492
982,492
681,493
735,493
735,493
23,494
328,494
362,494
779,494
779,494
35,496
450,496
450,496
631,497
631,497
856,497
483,498
642,498
642,498
765,498
765,498
765,498
818,498
904,498
335,499
536,499
715,499
715,499
88,500
305,500
410,500
410,500
83,501
83,501
672,501
832,501
832,501
148,502
511,502
75,503
380,503
438,503
438,503
66,504
213,504
962,504
582,505
702,505
227,506
227,506
530,506
530,506
9,507
660,507
660,507
495,508
673,508
673,508
673,508
981,508
476,509
476,509
233,510
314,510
729,510
993,510
380,512
722,512
47,513
360,513
432,513
432,513
432,513
682,513
682,513
682,513
214,514
570,514
246,516
493,517
816,517
356,518
501,518
501,518
663,518
510,519
510,519
510,519
636,519
636,519
978,519
35,520
232,520
576,521
721,521
721,521
721,521
347,522
783,522
901,522
556,523
798,523
798,523
798,523
863,523
863,523
463,524
660,524
707,524
707,524
752,524
791,524
590,525
684,525
302,526
335,526
997,526
17,527
360,528
360,528
740,528
675,529
675,529
316,530
547,530
502,531
502,531
502,531
502,531
502,531
937,531
981,531
538,532
971,532
168,533
527,533
574,533
914,533
914,533
379,534
625,534
658,534
760,534
773,534
236,536
249,537
480,537
192,538
596,538
823,538
848,538
848,538
421,539
421,539
453,539
453,539
562,539
806,539
174,540
174,540
586,540
670,540
670,540
882,541
446,542
516,542
924,542
924,542
154,543
328,543
328,543
580,543
655,543
742,544
210,545
487,545
487,545
543,545
366,547
366,547
566,548
647,548
647,548
647,548
908,548
193,549
304,549
405,549
405,549
693,549
335,550
382,551
601,551
805,551
805,551
275,552
290,552
661,552
836,553
836,553
122,554
239,554
239,554
591,554
633,554
361,555
717,555
555,556
675,556
675,556
782,556
782,556
869,556
869,556
983,556
897,557
152,558
471,558
504,558
941,558
134,559
495,559
495,559
936,559
428,560
760,560
920,560
177,561
313,561
705,561
810,561
810,561
455,562
255,564
387,564
387,564
168,565
216,565
231,565
287,565
466,565
867,565
867,565
867,565
958,565
402,566
805,566
805,566
86,567
560,567
647,567
594,568
689,568
876,568
876,568
350,569
350,569
327,570
327,570
442,570
925,570
925,570
280,572
990,572
412,574
37,575
815,575
141,576
733,576
672,577
612,578
289,579
894,579
894,579
239,581
771,581
771,581
835,581
835,581
835,581
76,582
174,582
174,582
260,582
260,582
260,582
784,582
207,583
373,584
373,584
447,584
447,584
447,584
616,584
41,585
406,585
940,585
270,586
582,587
598,587
695,587
713,587
509,588
889,588
889,588
953,588
953,588
316,590
316,590
499,590
392,591
911,591
911,591
993,591
542,592
744,593
744,593
744,593
823,593
852,593
852,593
367,594
301,595
328,595
980,595
276,597
781,598
793,598
793,598
968,598
351,599
351,599
896,599
896,599
85,600
152,600
152,600
164,600
443,600
719,600
803,600
231,601
370,601
401,601
590,601
120,602
120,602
610,602
610,602
915,602
915,602
476,603
580,603
580,603
518,604
23,605
556,605
766,605
814,605
899,605
899,605
384,606
175,607
191,607
909,607
140,608
781,608
865,608
671,609
598,610
840,611
216,612
298,612
929,612
929,612
967,612
967,612
352,613
352,613
777,613
479,614
725,614
80,615
80,615
205,615
538,615
364,616
733,616
937,616
671,617
125,618
125,618
449,618
508,618
27,619
691,620
691,620
112,621
388,623
710,623
710,623
783,623
783,623
243,624
345,624
345,624
907,624
71,625
679,625
679,625
806,625
188,627
208,627
326,627
523,627
611,627
250,629
250,629
154,630
154,630
195,630
195,630
195,630
195,630
538,630
777,630
777,630
894,630
894,630
52,631
710,631
710,631
810,631
810,631
810,631
269,632
503,632
503,632
663,632
663,632
303,633
755,634
755,634
76,635
428,635
841,635
926,635
118,636
118,636
118,636
470,636
478,636
610,636
610,636
591,637
630,637
878,637
878,637
684,638
184,639
527,639
720,639
203,640
518,640
518,640
35,641
35,641
95,641
392,641
600,642
798,642
50,645
50,645
467,645
821,645
479,646
479,646
479,646
642,646
261,647
712,647
712,647
712,647
146,648
146,648
167,648
167,648
560,648
572,648
845,648
9,649
75,649
274,649
450,649
309,651
583,651
203,652
346,652
346,652
670,652
798,652
732,653
943,653
322,654
702,654
702,654
51,655
51,655
291,655
291,655
776,655
233,656
863,656
612,657
612,657
882,657
532,658
839,658
839,658
839,658
14,659
541,659
649,659
268,660
297,661
401,661
424,661
424,661
726,661
726,661
726,661
751,661
458,662
458,662
470,662
602,662
111,663
176,663
176,663
373,663
982,663
982,663
151,665
703,665
703,665
741,666
255,667
39,669
39,669
637,669
832,669
832,669
316,670
678,670
716,670
716,670
121,671
121,671
121,671
197,671
197,671
802,671
847,671
847,671
553,672
954,672
954,672
89,673
154,673
285,673
347,673
511,673
650,673
429,674
429,674
701,674
701,674
59,675
59,675
59,675
59,675
217,676
217,676
718,676
718,676
396,677
590,677
590,677
747,677
790,677
815,677
815,677
5,679
242,679
71,680
71,680
292,680
319,681
583,681
651,681
731,681
731,681
731,681
983,681
105,683
332,683
355,683
420,683
420,683
503,683
935,683
696,684
56,685
269,686
406,686
406,686
529,686
147,687
218,687
954,687
954,687
186,688
777,688
802,688
971,688
205,689
24,690
24,690
137,690
218,690
497,691
497,691
223,692
461,692
623,692
623,692
329,693
449,696
599,697
721,697
948,697
948,697
80,698
80,698
242,698
242,698
278,698
663,698
106,699
161,699
528,699
548,700
571,700
148,701
148,701
694,701
128,702
484,703
764,703
996,703
46,704
46,704
91,704
91,704
469,704
647,704
193,705
193,705
366,706
463,706
706,707
18,708
18,708
352,708
738,708
927,708
216,709
721,709
295,710
434,711
530,711
604,711
628,711
511,712
728,712
728,712
120,713
913,713
251,714
251,714
251,714
495,714
495,714
51,715
277,715
277,715
184,716
403,717
451,717
474,717
546,717
96,718
624,718
957,718
957,718
335,719
335,719
42,720
615,720
615,720
674,720
930,720
930,720
844,721
972,722
972,722
442,723
468,723
468,723
468,723
884,723
7,725
7,725
167,725
167,725
205,725
421,725
311,726
311,726
386,726
402,726
116,727
116,727
414,727
500,727
295,728
295,728
295,728
295,728
285,729
285,729
530,729
590,729
633,730
633,730
633,730
869,731
897,731
897,731
547,732
818,732
526,733
859,733
297,734
550,734
621,734
621,734
649,734
649,734
65,735
65,735
190,735
482,735
482,735
575,735
228,736
966,736
46,737
262,737
943,737
943,737
923,738
923,738
459,739
459,739
884,740
171,741
441,741
614,741
75,742
281,743
281,743
627,743
627,743
203,744
203,744
203,744
796,744
796,744
117,745
338,745
659,745
659,745
659,745
10,746
10,746
33,746
96,746
96,746
270,747
270,747
382,747
428,747
675,747
832,748
832,748
393,749
510,750
544,750
557,750
443,751
443,751
908,751
661,753
661,753
417,754
596,755
596,755
190,756
236,756
236,756
236,756
244,756
244,756
532,756
532,756
152,757
821,757
890,757
890,757
125,758
839,758
839,758
613,759
486,760
486,760
588,760
51,761
894,761
222,762
222,762
961,762
979,762
931,763
931,763
574,765
574,765
789,765
789,765
864,765
83,766
347,766
347,766
502,766
306,767
947,767
947,767
686,768
376,769
376,769
408,769
470,769
983,769
174,770
315,770
434,770
449,770
449,770
195,772
391,772
391,772
391,772
509,772
967,772
967,772
996,772
784,773
920,773
56,774
56,774
638,774
23,775
23,775
127,775
3,776
3,776
463,776
463,776
531,776
598,776
598,776
669,776
259,777
776,777
892,777
892,777
944,777
630,778
152,779
182,779
983,780
320,781
656,781
877,781
751,782
919,782
95,783
602,784
745,784
338,785
772,786
289,787
289,787
832,787
9,788
69,789
231,789
306,789
433,789
433,789
550,789
566,789
826,789
826,789
449,790
507,790
507,790
105,791
105,791
955,792
148,793
716,793
716,793
716,793
987,793
10,795
119,795
119,795
119,795
791,795
442,796
492,796
211,797
569,797
922,797
942,797
471,798
613,798
613,798
465,799
712,799
712,799
803,800
973,800
264,801
264,801
264,801
375,801
204,802
887,802
291,803
291,803
426,803
912,803
912,803
76,804
76,804
76,804
134,804
54,805
192,805
539,805
819,805
926,805
124,806
124,806
332,806
761,806
875,806
840,807
224,808
402,808
402,808
688,809
688,809
898,809
21,810
21,810
392,810
392,810
506,810
670,810
745,811
89,812
89,812
586,812
645,812
939,812
180,813
213,813
211,814
491,814
491,814
805,814
916,814
916,814
994,814
577,815
634,815
634,815
860,815
164,816
247,816
247,816
318,816
318,816
773,816
931,817
960,817
960,817
265,818
265,818
696,818
901,819
96,820
198,820
337,820
459,820
233,821
233,821
233,821
22,822
22,822
147,822
658,822
85,823
85,823
476,823
623,823
76,824
76,824
184,824
369,824
369,824
677,824
677,824
712,824
712,824
730,824
730,824
774,824
774,824
774,824
354,825
509,825
759,825
759,825
416,826
416,826
531,826
932,826
176,827
176,827
310,827
310,827
400,827
542,827
948,827
605,828
862,828
913,828
382,829
793,829
136,831
209,832
973,832
235,833
235,833
235,833
235,833
516,833
349,834
535,834
587,834
587,834
643,834
643,834
263,835
263,835
263,835
450,835
450,835
450,835
188,836
188,836
665,836
665,836
772,836
802,836
830,836
984,836
152,837
888,837
904,837
220,838
521,838
575,838
575,838
682,838
682,838
723,838
723,838
847,838
847,838
966,838
283,839
283,839
116,840
483,840
569,840
569,840
762,841
762,841
936,841
797,842
912,842
39,843
372,843
402,843
140,844
707,844
707,844
10,845
196,845
337,845
788,845
239,846
239,846
463,846
867,846
839,847
893,848
319,849
319,849
557,849
557,849
557,849
688,849
854,849
154,850
154,850
496,850
122,851
209,851
209,851
730,851
943,851
229,852
229,852
445,852
627,852
627,852
743,852
743,852
92,853
372,853
372,853
488,853
545,853
545,853
769,853
434,854
586,854
586,854
872,854
670,855
721,855
185,856
185,856
639,856
994,856
248,858
738,858
738,858
738,858
808,858
808,858
4,859
657,859
685,859
685,859
168,860
168,860
359,860
563,860
906,860
541,861
700,862
789,862
789,862
891,862
230,863
230,863
260,863
260,863
119,864
199,864
199,864
199,864
282,864
458,864
710,864
145,865
145,865
402,865
970,865
826,866
291,867
608,867
53,868
503,869
503,869
517,869
736,869
40,870
761,870
761,870
87,871
879,871
879,871
946,871
158,872
703,872
128,873
128,873
128,873
624,873
274,874
681,874
865,874
901,874
901,874
901,874
474,875
645,875
988,875
438,876
752,876
752,876
601,877
946,877
235,878
378,878
198,879
198,879
198,879
287,879
942,879
611,880
611,880
790,880
811,880
493,881
493,881
493,881
493,881
586,881
9,882
288,882
421,882
570,882
858,882
958,882
958,882
67,883
88,883
210,883
223,884
223,884
264,884
264,884
264,884
347,884
347,884
627,884
627,884
627,884
970,884
60,885
121,885
195,885
195,885
195,885
249,885
751,885
766,885
766,885
917,885
588,887
588,887
41,888
41,888
99,888
456,888
483,888
828,888
177,889
177,889
679,891
679,891
6,892
200,892
148,893
148,893
522,893
808,894
327,895
335,895
335,895
590,895
107,896
107,896
160,896
240,896
448,896
448,896
448,896
472,897
721,897
921,897
16,898
38,898
38,898
309,898
494,898
791,898
341,899
54,900
54,900
71,900
375,900
435,900
892,900
127,901
127,901
127,901
724,901
654,902
702,902
948,902
119,903
256,903
610,903
610,903
424,904
993,904
782,905
17,906
293,906
599,906
817,906
437,907
515,907
768,907
855,907
855,907
902,907
176,908
176,908
176,908
279,908
229,909
229,909
870,909
870,909
870,909
884,909
924,909
116,910
116,910
116,910
193,910
355,910
694,911
694,911
694,911
974,912
777,913
395,914
395,914
409,914
724,914
733,914
156,915
470,915
470,915
601,915
30,916
63,916
80,916
135,916
312,916
561,916
683,916
683,916
621,917
545,918
545,918
254,919
217,920
217,920
217,920
840,920
840,920
399,921
399,921
399,921
640,921
754,921
101,922
119,922
183,922
375,922
54,923
54,923
54,923
480,924
480,924
934,924
168,925
168,925
196,925
196,925
445,925
976,925
182,926
600,926
776,926
948,926
948,926
948,926
11,927
11,927
11,927
861,927
157,928
499,928
883,928
355,929
355,929
52,930
52,930
52,930
664,930
699,930
786,930
799,930
909,930
533,931
110,932
246,932
750,933
983,933
983,933
33,934
431,934
591,934
824,935
90,936
377,936
473,936
473,936
473,936
518,936
649,936
212,937
718,937
718,937
737,937
37,938
256,938
141,939
490,939
848,939
113,941
168,941
267,942
412,942
412,942
640,942
812,942
302,943
302,943
454,944
481,944
481,944
517,944
593,944
611,944
611,944
75,945
75,945
147,945
769,945
861,945
874,945
43,946
620,946
656,946
680,946
349,948
368,948
582,948
711,948
711,948
242,949
242,949
395,950
995,950
135,951
162,951
941,951
142,952
727,953
641,954
641,954
675,954
898,954
8,955
8,955
8,955
200,955
965,955
298,956
480,956
608,956
772,956
944,956
759,957
911,958
64,959
120,959
417,959
514,959
238,960
238,960
345,960
549,960
549,960
702,960
275,961
188,962
22,963
300,964
300,964
300,964
319,965
319,965
679,965
679,965
369,966
691,966
928,966
86,967
86,967
593,967
997,967
997,967
496,968
770,968
808,968
808,968
404,969
612,969
948,969
227,970
293,970
348,972
348,972
523,972
539,972
539,972
782,972
782,972
782,972
106,973
71,974
71,974
272,974
646,974
732,974
239,975
887,976
473,977
926,977
926,977
36,978
634,978
656,978
960,978
960,978
358,979
605,979
2,980
198,980
198,980
709,980
709,980
709,980
944,980
977,980
253,981
335,981
335,981
437,981
453,981
572,981
572,981
993,981
95,982
95,982
408,982
516,982
835,983
445,984
792,985
792,985
844,985
486,986
730,986
751,986
751,986
751,986
863,986
902,986
902,986
56,987
56,987
56,987
952,987
6,988
369,989
376,989
426,990
634,990
645,990
713,990
713,990
684,991
398,992
832,992
102,993
574,994
574,994
673,994
673,994
779,995
14,996
330,996
384,996
461,996
811,996
811,996
811,996
442,997
657,997
162,2
440,2
562,2
864,2
128,3
128,3
420,3
793,4
793,4
929,5
929,5
878,6
878,6
642,7
642,7
377,8
139,9
139,9
139,9
250,10
250,10
388,11
961,11
961,11
278,12
278,12
207,13
718,13
718,13
812,13
876,13
876,13
426,14
535,14
599,14
599,14
108,15
108,15
108,15
402,15
618,15
440,17
440,17
774,17
774,17
508,18
658,18
765,18
765,18
830,18
609,19
494,20
494,20
329,21
329,21
636,21
636,21
636,21
626,23
626,23
626,23
799,23
467,24
682,24
907,24
907,24
199,25
368,25
136,26
945,26
945,26
945,26
499,27
183,28
435,28
528,28
883,28
883,28
883,28
282,29
282,29
604,29
260,30
260,30
517,30
78,31
931,31
931,31
931,31
766,33
682,35
231,36
231,36
741,36
741,36
741,36
149,37
149,37
149,37
149,37
659,38
808,40
408,42
408,42
447,42
447,42
72,43
178,43
178,43
345,43
623,43
705,43
63,44
897,44
897,44
500,45
588,47
827,47
827,47
827,47
974,47
157,48
157,48
157,48
426,48
426,48
864,48
243,49
243,49
243,49
643,49
643,49
925,49
925,49
222,51
548,51
326,52
326,52
388,52
946,52
414,53
414,53
414,53
596,53
779,54
802,54
802,54
873,54
616,55
698,58
698,58
287,60
763,60
840,60
840,60
914,60
914,60
86,61
300,61
473,61
257,62
661,62
752,63
851,63
42,64
456,64
891,65
891,65
530,66
233,67
162,68
162,68
736,68
584,69
914,70
914,70
33,71
943,71
943,71
106,72
279,73
190,74
407,74
407,74
407,74
520,74
624,74
624,74
624,74
678,74
26,76
26,76
144,76
369,76
941,77
266,78
266,78
435,79
664,79
717,79
801,79
955,79
79,80
79,80
172,80
821,80
556,81
230,82
448,82
928,82
524,84
607,84
296,86
647,86
647,86
12,88
69,88
69,88
888,88
888,88
219,89
694,89
813,89
177,90
378,90
436,90
532,90
532,90
158,94
158,94
583,94
583,94
836,94
751,95
91,96
91,96
773,96
855,96
356,97
181,98
210,98
483,98
905,98
326,99
659,99
139,101
139,101
38,102
38,102
968,102
7,103
7,103
274,103
633,103
670,103
832,103
55,105
55,105
617,106
617,106
229,109
517,109
717,109
789,109
870,109
894,109
954,109
154,110
387,110
748,110
815,110
917,110
980,111
989,111
702,112
313,113
333,114
333,114
555,114
555,114
589,114
607,114
644,114
467,116
856,116
45,117
497,117
497,117
845,117
164,118
164,118
92,119
940,119
763,120
763,120
185,121
285,122
259,123
259,123
259,123
621,123
621,123
621,123
797,123
856,123
203,124
203,124
833,124
833,124
571,126
571,126
571,126
387,127
387,127
476,127
476,127
891,127
109,128
109,128
965,128
77,129
916,129
936,129
512,130
562,130
562,130
668,130
120,131
120,131
597,131
720,131
539,132
539,132
642,132
785,132
691,134
691,134
448,136
773,136
758,137
943,137
3,138
38,138
38,138
920,140
141,143
141,143
210,144
210,144
362,144
494,144
494,144
494,144
494,144
47,145
47,145
897,145
797,148
879,148
456,149
106,150
175,150
161,152
650,152
184,153
530,153
313,155
470,155
846,155
9,157
68,157
336,158
336,158
558,158
619,158
730,158
730,158
655,160
169,161
269,161
839,161
429,162
429,162
146,163
298,164
695,164
482,165
782,165
501,166
501,166
501,166
543,166
581,166
581,166
323,167
323,167
870,167
202,168
386,168
61,169
61,169
716,169
716,169
812,169
734,170
407,171
606,171
85,172
85,172
85,172
517,172
656,172
656,172
656,172
554,173
11,174
724,174
724,174
472,177
285,179
681,179
748,179
119,180
308,180
308,180
837,181
238,182
249,182
249,182
388,183
635,183
428,184
360,185
380,185
615,186
398,187
398,187
479,187
804,187
171,189
171,189
503,189
703,189
703,189
9,190
9,190
579,190
447,191
823,191
823,191
520,194
520,194
198,196
198,196
371,196
371,196
399,197
47,198
210,198
210,198
962,200
962,200
284,201
593,201
258,202
564,202
171,204
171,204
715,204
420,205
420,205
740,205
125,206
278,206
790,206
65,207
78,207
324,208
447,208
524,208
541,209
89,210
684,210
560,212
503,213
503,213
503,213
664,215
760,215
760,215
515,216
515,216
228,217
228,217
32,218
32,218
236,219
651,219
73,220
537,220
537,220
192,221
354,221
641,222
430,223
904,223
969,223
969,223
969,223
451,224
451,224
451,224
712,224
178,225
94,226
407,227
407,227
729,227
65,228
244,228
297,228
695,229
695,229
695,229
887,229
887,229
132,230
132,230
132,230
581,232
599,232
232,233
48,234
48,234
518,235
676,235
676,235
360,236
360,236
994,236
454,237
454,237
869,238
869,238
500,239
600,240
337,241
337,241
702,241
180,243
284,243
34,244
248,245
358,245
358,245
358,245
561,245
653,246
653,246
380,247
945,247
46,248
46,248
213,248
915,248
310,249
471,249
471,249
575,249
931,249
75,251
150,251
345,251
345,251
345,251
345,251
462,252
844,252
92,253
92,253
543,253
832,255
259,256
602,256
116,257
638,257
638,257
631,258
631,258
137,259
137,259
450,259
658,260
658,260
658,260
20,261
72,261
563,261
606,261
932,261
198,263
249,263
788,263
993,263
993,263
993,263
428,264
307,265
643,265
643,265
816,265
587,266
587,266
626,267
626,267
33,268
337,268
337,268
526,268
925,269
287,270
375,270
375,270
508,270
14,271
858,271
179,275
232,275
780,276
347,277
347,277
61,278
61,278
965,278
486,280
762,281
321,282
141,283
268,283
602,283
912,284
386,287
386,287
957,287
407,288
526,288
581,288
162,289
24,290
24,290
221,290
465,291
920,292
207,293
552,293
736,293
40,294
40,294
151,294
336,294
801,294
909,294
993,294
842,295
433,297
4,298
4,298
4,298
111,298
263,299
357,299
357,299
492,299
69,300
315,300
448,301
139,302
197,302
939,302
883,303
899,303
528,304
124,306
124,306
259,306
302,306
726,306
417,307
100,308
707,308
469,309
108,311
819,311
973,311
973,311
973,311
335,312
179,313
179,313
277,316
277,316
746,316
121,317
930,317
930,317
930,317
251,318
496,318
451,320
865,320
865,320
865,320
27,322
665,323
779,324
779,324
990,324
990,324
990,324
349,325
212,326
212,326
302,326
101,327
101,327
157,327
385,327
64,328
64,328
7,329
687,329
326,330
797,330
196,331
487,331
652,331
652,331
623,332
910,332
910,332
945,332
945,332
477,333
477,333
762,333
854,333
854,333
223,334
267,334
687,334
274,335
274,335
363,335
971,335
971,335
971,335
23,336
88,336
406,338
406,338
467,339
460,340
245,341
245,341
741,341
741,341
84,342
897,342
922,343
922,343
968,343
968,343
968,343
41,344
806,345
956,345
397,346
397,346
6,347
170,347
170,347
170,347
129,348
208,348
208,348
333,348
869,348
851,350
785,351
163,352
163,352
260,352
360,352
360,352
424,352
217,353
320,354
929,355
929,355
632,356
632,356
913,356
913,356
60,357
141,358
141,358
370,359
706,360
732,360
732,360
405,361
688,361
836,363
882,363
882,363
882,363
810,364
810,364
975,365
975,365
975,365
187,366
198,367
223,367
283,367
644,367
644,367
758,367
387,368
663,371
24,373
24,373
64,374
786,374
94,375
173,375
114,376
726,376
264,377
578,377
821,377
821,377
821,377
31,378
31,378
262,378
366,379
102,380
752,381
608,382
702,382
349,385
929,385
201,386
245,386
505,386
867,386
867,386
776,387
776,387
344,388
728,388
872,388
872,388
915,388
956,389
231,391
737,391
149,393
221,393
60,394
650,394
311,397
600,397
600,397
848,397
848,397
848,397
643,398
129,400
85,401
569,403
190,404
716,405
934,405
813,406
873,406
889,406
500,407
198,408
44,409
82,410
720,410
720,410
110,413
301,413
476,413
921,414
921,414
971,414
676,415
659,416
659,416
961,416
176,417
606,417
606,417
28,418
174,418
208,418
726,418
726,418
784,418
255,419
574,419
842,419
102,420
526,420
641,421
19,423
273,423
710,426
710,426
934,426
822,427
822,427
822,427
448,428
960,428
213,429
888,429
888,429
9,430
150,430
462,430
83,432
124,432
133,432
895,433
752,434
752,434
752,434
420,435
555,435
642,435
56,436
163,437
268,437
232,438
512,438
586,438
586,438
509,439
509,439
509,439
133,440
507,440
507,440
783,440
219,441
663,441
663,441
663,441
180,442
740,442
740,442
813,443
813,443
499,444
524,444
623,444
982,444
93,445
14,446
124,446
680,446
680,446
935,446
535,447
609,447
846,448
48,449
469,449
469,449
488,449
200,450
514,450
559,450
902,451
902,451
913,451
964,451
143,452
591,452
692,452
692,452
34,453
379,453
379,453
379,453
706,453
706,453
788,453
179,455
504,455
504,455
775,455
409,456
409,456
71,457
462,457
462,457
32,458
82,459
885,459
351,461
666,461
799,461
814,461
814,461
937,461
371,462
371,462
733,462
733,462
873,462
873,462
613,463
613,463
166,465
443,466
531,466
924,467
87,468
438,468
628,468
628,468
628,468
976,468
420,469
758,469
155,471
335,471
335,471
335,471
852,471
534,472
901,472
24,473
38,473
567,473
671,473
722,474
770,475
493,477
70,479
134,480
303,480
784,480
784,480
784,480
114,481
452,481
843,483
843,483
843,483
358,484
443,484
443,484
5,485
53,485
423,485
423,485
511,485
887,485
574,486
701,486
701,486
392,487
538,487
315,488
315,488
315,488
869,490
503,491
560,491
716,491
716,491
472,492
619,492
23,493
679,493
679,493
778,494
35,496
450,496
334,498
642,498
642,498
642,498
764,498
818,498
905,498
410,499
87,500
87,500
148,501
306,501
834,501
834,501
74,502
74,502
834,505
962,505
226,506
672,506
672,506
672,506
702,506
437,507
437,507
737,507
530,508
476,509
476,509
494,509
993,509
233,510
585,510
728,510
380,511
380,511
47,512
661,512
723,512
360,513
936,513
936,513
431,514
431,514
431,514
684,514
245,516
569,516
816,517
356,518
33,520
555,522
722,522
901,522
797,523
863,523
660,524
684,524
684,524
303,525
464,525
590,525
752,525
335,526
17,527
318,528
739,528
996,528
938,530
972,531
575,532
757,533
913,533
379,534
235,535
626,536
723,536
595,537
192,538
192,538
249,538
421,538
545,538
174,539
174,539
822,539
807,540
883,540
446,542
516,542
582,542
154,543
154,543
487,544
487,544
670,544
210,545
210,545
742,545
193,548
193,548
276,548
648,549
694,549
909,549
302,550
336,550
336,550
864,550
864,550
288,551
600,551
662,551
662,551
717,552
889,552
362,553
362,553
835,553
122,554
633,554
674,556
782,556
895,556
940,556
471,558
428,559
133,560
313,560
496,560
761,560
761,560
809,560
809,560
809,560
103,561
176,561
703,561
170,563
388,563
388,563
456,563
231,564
218,565
218,565
218,565
86,566
86,566
560,566
592,567
647,567
690,567
350,568
326,569
326,569
387,569
387,569
924,570
277,571
410,573
410,573
814,574
814,574
37,575
140,575
291,577
671,577
732,577
732,577
894,579
175,581
239,581
834,581
834,581
76,582
207,583
207,583
615,583
784,583
41,584
373,584
448,584
448,584
940,585
940,585
940,585
270,586
406,586
406,586
581,586
597,587
695,587
714,587
508,588
500,589
541,591
911,592
911,592
824,593
302,595
328,595
746,595
746,595
979,596
793,598
352,599
352,599
352,599
896,599
896,599
85,600
444,600
784,600
167,601
610,601
914,601
914,601
122,602
122,602
590,602
369,604
369,604
556,605
766,605
23,606
140,607
140,607
174,607
597,608
597,608
865,608
216,611
525,611
525,611
967,611
967,611
298,612
779,612
840,612
840,612
671,613
671,613
479,614
206,615
537,615
537,615
732,616
732,616
125,617
125,617
166,618
449,618
507,618
507,618
26,619
690,621
690,621
346,622
388,623
782,623
782,623
807,624
807,624
807,624
807,624
72,625
72,625
72,625
679,625
679,625
679,625
679,625
709,625
208,627
326,627
611,628
770,628
770,628
155,630
155,630
503,630
503,630
537,630
664,631
270,632
755,634
76,635
926,635
32,636
32,636
118,636
429,636
841,636
841,636
471,637
878,637
878,637
477,638
527,638
590,638
632,638
719,639
719,639
719,639
96,640
184,640
202,640
202,640
517,640
760,640
760,640
392,641
457,641
49,646
261,647
450,648
146,649
146,649
8,650
203,652
307,652
345,652
942,652
942,652
671,653
702,654
702,654
50,655
325,655
776,655
862,655
862,655
233,657
233,657
840,657
881,657
610,658
729,658
729,658
268,659
268,659
295,659
424,660
648,660
400,662
458,662
458,662
372,663
751,663
982,663
982,663
175,664
175,664
175,664
254,665
254,665
254,665
39,669
39,669
638,670
679,670
848,670
848,670
122,672
154,672
154,672
553,672
553,672
954,672
954,672
286,673
90,674
348,674
396,675
217,676
428,676
746,677
814,677
718,678
718,678
4,679
68,679
68,679
68,679
100,679
100,679
242,679
651,681
984,681
984,681
354,682
421,682
421,682
421,682
585,682
585,682
58,683
502,683
935,684
406,686
270,687
528,687
801,688
185,689
206,689
206,689
777,689
970,689
26,691
26,691
462,691
222,692
623,692
623,692
330,694
76,696
76,696
240,696
240,696
601,696
949,696
949,696
448,698
663,698
108,699
108,699
278,699
527,699
571,700
571,700
149,701
149,701
149,701
548,701
484,703
484,703
764,703
996,703
996,703
193,705
193,705
193,705
193,705
366,705
350,706
17,707
17,707
17,707
707,708
216,709
604,709
738,709
95,710
95,710
95,710
296,710
628,711
511,712
530,712
51,713
914,713
121,714
121,714
673,716
95,717
95,717
956,717
956,717
337,718
337,718
844,722
442,723
884,723
167,725
386,725
311,727
311,727
414,727
530,728
591,728
543,729
632,730
632,730
896,730
896,730
896,730
818,732
296,733
296,733
296,733
548,734
483,735
483,735
483,735
227,736
47,737
967,737
967,737
262,738
262,738
923,738
923,738
943,738
943,738
459,739
171,741
171,741
75,742
281,743
281,743
203,744
203,744
203,744
338,744
796,744
796,744
118,745
33,746
660,746
18,747
271,747
382,748
382,748
509,748
674,748
832,749
429,750
544,750
559,752
189,755
234,755
234,755
596,755
596,755
7,756
7,756
152,757
821,757
838,758
125,759
892,759
54,760
486,760
931,763
965,763
979,763
224,765
84,766
348,766
348,766
503,766
866,767
866,767
307,768
375,769
408,769
175,770
175,770
175,770
315,770
434,770
449,770
784,771
996,771
195,773
195,773
637,774
22,775
668,775
920,775
944,775
3,776
3,776
128,776
631,776
599,777
184,778
184,778
260,778
894,778
894,778
983,779
151,780
920,780
95,783
95,783
95,783
750,784
746,785
338,786
289,787
289,787
289,787
565,788
450,789
550,789
828,789
10,790
72,790
507,790
105,791
149,792
954,792
988,793
120,794
716,794
9,795
9,795
791,795
492,796
212,797
613,797
922,798
207,799
467,799
712,799
712,799
712,799
263,800
263,800
374,800
803,800
973,800
137,803
427,803
886,803
53,804
155,805
124,806
124,806
753,806
753,806
763,806
763,806
876,806
401,808
224,809
22,810
505,810
505,810
505,810
746,810
899,810
670,811
179,813
492,814
492,814
492,814
579,814
804,814
860,815
994,815
208,816
318,816
318,816
634,816
206,817
695,817
695,817
932,817
932,817
265,818
265,818
265,818
165,819
23,820
93,820
199,820
459,820
657,821
147,822
623,823
711,823
711,823
354,824
677,824
677,824
730,824
74,825
74,825
508,825
759,826
759,826
947,826
947,826
310,827
310,827
416,827
416,827
416,827
542,827
861,827
177,828
400,828
913,828
210,832
210,832
210,832
973,832
233,833
233,833
451,835
587,835
830,836
984,836
770,837
770,837
770,837
966,837
218,838
218,838
722,838
799,838
283,839
283,839
475,839
934,839
484,840
571,840
571,840
763,840
763,840
911,841
40,842
402,842
141,844
373,844
872,844
10,845
500,847
839,847
894,848
894,848
894,848
557,849
210,850
210,850
319,850
319,850
460,850
687,850
229,851
744,851
744,851
744,851
943,851
943,851
488,852
444,853
545,853
545,853
434,854
653,854
653,854
872,854
91,855
640,855
182,856
182,856
671,856
5,858
806,859
359,860
562,860
562,860
660,860
660,860
684,860
906,860
891,862
119,863
230,864
230,864
710,864
970,864
457,865
822,865
822,865
402,866
736,868
736,868
865,868
53,869
518,869
202,870
202,870
88,871
761,871
761,871
158,872
681,872
681,872
703,872
275,873
900,873
438,875
474,875
646,875
988,876
753,877
753,877
944,877
379,879
421,881
789,881
958,881
958,881
66,883
195,883
195,883
224,883
627,883
207,884
346,884
970,884
766,885
766,885
918,885
481,887
588,887
588,887
588,887
456,888
825,889
179,891
179,891
199,891
618,891
618,891
522,892
6,893
149,894
336,895
474,895
808,895
808,895
42,896
241,896
241,896
793,896
107,897
161,897
161,897
309,897
17,898
591,898
73,900
894,900
180,901
180,901
435,901
610,902
119,903
119,903
947,903
993,903
425,904
293,905
358,906
358,906
358,906
769,906
858,906
902,906
178,907
178,907
279,908
886,908
354,909
354,909
191,910
191,910
924,910
694,911
694,911
974,912
395,914
724,914
724,914
30,915
81,916
136,916
156,916
312,916
683,916
62,917
62,917
561,917
621,917
216,919
216,919
216,919
254,919
751,921
839,921
54,922
118,922
641,922
641,922
934,924
168,925
168,925
480,925
600,925
976,925
11,927
777,927
499,928
499,928
799,928
701,929
701,929
354,930
354,930
664,930
533,931
533,931
909,931
909,931
109,932
245,933
749,933
33,934
825,935
90,936
717,936
211,937
211,937
255,937
255,937
649,937
490,939
490,939
847,939
142,940
411,940
411,940
167,941
812,941
267,942
517,942
302,943
593,943
641,943
454,944
612,944
612,944
75,945
769,945
769,945
862,945
43,946
146,946
350,947
874,948
133,950
162,950
396,951
476,951
476,951
642,953
642,953
942,953
727,954
899,954
298,955
298,955
607,955
675,955
675,955
965,955
197,956
773,956
773,956
120,958
760,958
64,959
417,959
550,960
702,960
22,964
22,964
22,964
680,964
319,966
319,966
593,966
593,966
928,966
928,966
86,967
232,967
495,967
770,967
808,968
808,968
293,969
948,969
948,969
275,971
349,971
349,971
539,971
781,971
781,971
104,972
523,972
72,974
72,974
196,977
635,978
606,979
606,979
652,979
572,980
945,980
335,981
253,982
253,982
408,982
976,982
976,982
976,982
992,982
992,982
445,984
843,985
902,985
57,986
862,986
862,986
487,987
368,988
6,989
376,990
645,990
645,990
713,990
713,990
683,991
102,993
331,994
199,995
461,995
996,995
996,995
996,995
442,996
811,996
526,997
526,997
643,5
643,5
911,5
927,6
927,6
279,7
279,7
377,7
251,9
251,9
535,9
397,11
962,11
962,11
206,14
107,15
599,15
441,17
441,17
660,18
328,20
181,21
494,21
494,21
368,23
799,23
194,24
468,24
682,24
682,24
682,24
136,26
813,27
943,27
434,28
513,29
764,29
764,29
883,29
883,29
883,29
933,30
933,30
933,30
260,31
279,32
77,33
231,36
383,36
660,37
742,37
742,37
409,41
643,41
447,42
447,42
65,43
178,43
178,43
344,43
499,45
621,45
621,45
702,45
159,46
159,46
159,46
828,48
828,48
828,48
975,49
222,50
925,50
925,50
925,50
242,51
242,51
242,51
390,52
596,52
946,52
946,52
946,52
325,53
325,53
325,53
549,54
699,54
699,54
411,59
762,59
150,60
150,60
287,60
785,60
785,60
86,61
837,61
837,61
473,62
662,62
913,63
913,63
737,66
893,67
893,67
402,69
458,69
582,71
187,73
25,74
104,74
181,74
181,74
278,74
625,74
676,75
366,76
800,76
514,78
717,78
956,78
172,80
267,80
230,83
8,84
555,84
721,84
606,85
889,85
889,85
818,86
296,87
296,87
296,87
693,89
436,90
834,90
377,91
750,93
158,94
158,94
584,95
584,95
671,96
484,97
773,97
659,98
356,99
41,100
7,101
7,101
723,102
825,102
141,104
276,106
276,106
276,106
869,109
953,109
916,110
154,111
154,111
154,111
387,111
748,112
990,112
815,113
335,114
335,114
335,114
606,114
606,114
644,114
644,114
467,115
500,116
500,116
500,116
556,116
556,116
901,116
92,119
186,120
799,121
261,122
261,122
285,122
285,122
834,123
834,123
622,124
205,125
205,125
205,125
491,125
966,126
387,127
387,127
477,128
570,128
570,128
570,128
77,129
563,129
720,130
512,131
512,131
512,131
595,131
595,131
783,131
890,131
915,131
691,134
691,134
639,135
943,136
124,137
449,137
449,137
449,137
758,137
143,142
209,143
209,143
362,144
46,146
456,149
872,149
106,150
420,156
420,156
171,157
619,157
850,157
654,160
427,162
427,162
406,163
734,165
781,165
483,167
580,167
580,167
812,167
201,168
326,168
326,168
326,168
717,169
84,172
554,172
607,172
282,173
751,177
118,181
836,182
247,184
247,184
360,185
183,186
506,188
616,188
703,189
703,189
446,190
10,191
12,194
12,194
12,194
198,195
198,195
399,195
399,195
54,196
54,196
593,200
962,200
962,200
282,201
194,204
194,204
422,205
422,205
422,205
740,205
790,205
520,208
65,209
324,209
448,209
563,209
262,210
684,210
515,214
666,214
539,218
653,218
32,219
354,222
190,223
969,223
969,223
177,225
177,225
729,226
451,227
242,228
693,228
693,228
578,230
888,230
69,231
131,232
131,232
676,234
321,236
997,236
454,238
454,238
338,239
338,239
870,239
500,240
702,240
601,241
181,242
181,242
212,246
381,246
654,247
654,247
654,247
309,248
916,248
916,248
45,249
948,249
345,250
932,250
79,252
149,252
149,252
149,252
30,253
90,253
460,255
460,255
117,256
117,256
260,256
603,256
833,256
474,257
474,257
658,258
658,258
198,260
20,261
562,261
248,264
428,264
643,264
643,264
815,264
507,265
507,265
34,267
307,267
629,267
629,267
286,270
376,270
376,270
857,270
179,274
349,275
232,276
779,277
61,279
61,279
61,279
604,280
485,281
485,281
320,282
269,283
763,283
581,286
957,287
162,289
408,289
467,290
917,290
23,291
23,291
529,291
529,291
801,294
801,294
206,295
842,296
842,296
433,297
492,297
7,299
313,299
610,300
140,301
198,301
352,302
445,302
898,302
939,302
528,303
884,303
302,304
726,305
726,305
130,306
539,306
539,306
187,308
417,308
707,309
707,309
973,310
973,310
866,311
866,311
819,312
744,315
277,316
252,317
495,318
450,319
27,322
667,323
63,327
63,327
158,327
687,327
101,328
101,328
6,329
386,329
486,331
652,331
652,331
326,332
762,332
942,332
223,333
623,333
269,334
854,334
23,335
364,337
468,338
246,341
246,341
898,341
82,342
966,343
958,344
806,345
806,345
10,347
211,348
132,350
162,351
361,351
423,352
628,353
49,354
928,354
321,355
59,356
706,358
142,359
734,362
835,363
881,363
757,366
197,367
284,367
643,367
643,367
384,368
224,369
172,373
172,373
96,374
113,377
579,377
31,378
752,379
607,383
248,385
345,385
778,386
778,386
778,386
926,387
74,389
233,389
726,389
956,389
221,393
142,397
652,397
848,397
848,397
848,397
189,405
892,405
499,406
813,406
813,406
813,406
873,407
873,407
201,408
634,409
966,412
966,412
301,413
476,413
476,413
476,413
109,414
840,415
603,416
659,416
659,416
85,417
174,418
726,418
726,418
726,418
786,418
27,419
255,419
576,419
526,420
824,421
824,421
272,422
580,422
580,422
211,425
448,427
934,427
461,429
461,429
8,430
888,430
132,433
750,433
56,434
958,434
421,435
165,437
232,438
219,439
134,440
182,440
88,442
782,442
90,443
812,443
555,444
621,444
936,444
936,444
522,445
781,445
963,445
980,445
534,447
846,448
48,449
200,450
487,450
592,451
592,451
912,451
789,454
691,455
691,455
886,455
886,455
409,456
409,456
462,457
70,458
370,459
370,459
370,459
936,459
664,460
814,460
814,460
167,464
925,464
530,465
734,465
734,465
444,466
614,468
614,468
614,468
976,468
628,469
335,471
747,471
747,471
901,472
37,473
670,473
724,473
570,475
614,476
494,477
133,479
70,480
784,480
784,480
303,481
115,482
452,482
55,485
424,485
573,485
510,486
315,487
315,487
651,490
651,490
659,490
659,490
677,491
472,492
839,492
839,492
616,493
332,496
332,496
409,496
84,498
905,498
765,499
71,501
148,501
963,505
219,506
640,506
640,506
738,506
837,506
837,506
837,506
438,507
438,507
438,507
492,507
474,508
474,508
994,508
946,509
153,510
233,511
381,511
381,511
724,512
527,513
935,513
935,513
462,517
462,517
815,517
354,519
685,521
685,521
554,523
661,523
724,523
798,523
590,524
863,524
303,525
753,525
16,526
577,527
996,529
233,533
913,533
526,534
174,538
192,538
192,538
546,538
546,538
421,539
421,539
421,539
585,539
883,539
384,540
807,540
155,542
515,542
445,544
487,544
209,545
741,545
279,546
279,546
670,548
286,549
336,549
909,549
363,551
363,551
831,552
941,552
717,553
122,554
634,554
782,556
428,557
471,558
762,560
502,561
502,561
169,563
458,565
560,565
806,565
86,566
86,566
593,566
648,567
389,570
408,572
408,572
408,572
140,575
672,577
829,579
895,580
239,581
76,582
40,583
206,583
374,583
374,583
785,584
785,584
613,585
940,585
507,587
597,587
714,587
714,587
961,587
695,588
541,591
403,593
403,593
900,593
900,593
306,596
792,598
896,599
913,599
913,599
84,600
84,600
444,600
980,600
169,602
126,604
330,604
556,604
556,604
139,606
768,606
596,607
596,607
865,607
216,610
966,611
966,611
300,612
840,612
840,612
478,613
670,614
670,614
536,615
219,617
450,617
26,619
347,621
389,623
808,624
808,624
808,624
666,625
677,625
677,625
677,625
707,625
707,625
208,626
326,627
771,627
503,629
503,629
610,629
729,629
271,632
271,632
97,634
753,634
753,634
926,634
75,635
75,635
75,635
429,636
878,638
475,639
517,639
590,639
809,639
184,640
203,640
203,640
392,640
638,640
721,640
458,642
762,644
262,646
262,646
686,646
686,646
806,646
47,647
47,647
843,647
204,649
8,652
344,652
942,652
702,654
702,654
702,654
775,654
326,655
861,655
861,655
881,656
233,657
729,658
729,658
294,659
424,660
459,661
608,661
608,661
372,662
982,663
982,663
174,664
174,664
174,664
647,665
39,668
848,669
848,669
848,669
125,670
749,670
153,671
679,671
553,672
954,672
954,672
286,673
101,676
101,676
218,676
427,677
427,677
716,677
716,677
4,678
66,679
241,680
985,680
985,680
354,681
651,682
935,684
406,685
406,685
364,686
801,688
528,689
27,691
27,691
27,691
222,692
469,692
624,692
624,692
329,694
239,695
239,695
600,695
526,698
278,699
571,700
571,700
484,703
763,703
367,704
367,704
604,707
604,707
708,708
708,708
95,710
216,710
734,710
50,711
50,711
531,712
915,713
121,716
672,716
672,716
338,718
844,722
443,723
386,724
885,724
167,725
541,725
414,726
311,727
818,732
818,732
297,733
226,735
486,737
486,737
546,738
922,738
922,738
47,739
47,739
460,739
171,740
76,741
281,742
337,744
506,744
506,744
796,744
120,745
120,745
33,748
263,748
660,748
660,748
382,749
429,750
429,750
832,750
559,752
595,755
595,755
151,756
821,756
125,758
892,760
892,760
55,761
55,761
978,764
223,765
347,766
85,767
85,767
504,767
786,768
867,768
375,769
409,769
177,770
308,770
308,770
434,770
193,773
193,773
943,774
634,775
665,775
3,776
3,776
599,776
920,776
984,777
259,780
150,782
338,785
289,786
289,786
289,786
829,788
508,789
508,789
550,789
73,790
73,790
149,790
450,790
953,792
10,793
10,793
260,795
613,795
213,796
792,796
492,797
922,797
922,797
372,798
372,798
712,798
712,798
973,800
138,802
52,803
763,806
763,806
877,806
753,807
753,807
753,807
22,809
226,810
291,810
291,810
583,811
669,811
900,812
492,814
803,814
318,816
859,816
265,817
265,817
265,817
696,817
696,817
933,817
994,817
91,819
205,819
459,819
623,822
72,824
72,824
72,824
354,824
149,825
312,825
502,826
415,827
415,827
540,827
401,828
401,828
183,829
861,829
913,829
230,832
230,832
970,834
588,835
830,836
984,836
472,837
933,837
722,838
722,838
765,839
765,839
765,839
283,840
283,840
485,840
39,841
39,841
401,842
401,842
142,844
456,844
895,845
12,846
374,846
839,847
839,847
211,850
319,850
319,850
458,852
654,852
654,852
654,852
944,852
944,852
444,853
434,854
872,855
5,856
91,856
120,858
672,858
672,858
360,860
562,860
805,860
683,861
683,861
892,861
867,863
821,865
821,865
704,868
736,868
736,868
53,869
519,869
157,871
202,872
277,872
761,873
646,874
646,874
474,875
474,875
474,875
225,877
421,877
989,877
945,878
379,879
379,879
957,880
957,880
194,882
788,882
66,883
917,883
971,883
815,884
815,884
587,887
587,887
619,892
619,892
795,893
4,894
4,894
46,896
336,896
808,896
808,896
309,897
16,898
16,898
16,898
161,898
161,898
593,899
593,899
118,901
102,902
609,902
609,902
609,902
899,903
993,903
293,904
426,905
772,905
860,905
922,906
279,907
888,907
888,907
888,907
189,909
314,909
692,910
312,914
395,914
30,915
725,915
977,915
156,917
561,917
561,917
82,919
217,919
43,921
642,923
642,923
934,923
479,924
479,924
167,925
797,925
704,928
108,930
661,930
533,931
533,931
747,931
353,932
34,934
90,935
244,935
715,935
825,935
839,936
839,936
210,937
650,939
167,941
267,943
267,943
302,943
515,943
612,943
768,945
768,945
144,947
457,947
874,949
161,950
475,951
643,952
643,952
397,953
397,953
899,953
675,955
727,955
727,955
196,957
120,958
762,958
65,959
555,959
417,960
701,960
23,964
594,965
594,965
86,966
928,966
928,966
235,967
319,967
319,967
319,967
278,968
293,968
293,968
103,969
807,969
807,969
949,970
949,970
348,971
348,971
522,973
195,975
606,978
606,978
636,978
572,980
572,980
572,980
335,981
408,982
976,982
976,982
253,983
902,983
58,984
842,985
368,988
487,988
682,991
682,991
712,991
712,991
712,991
103,994
996,994
996,994
461,995
811,995
811,995
443,996
644,3
644,3
277,5
377,8
254,9
922,9
922,9
2,10
962,11
962,11
206,12
206,12
107,16
599,17
328,21
192,23
763,23
763,23
136,25
812,29
812,29
883,29
883,29
932,29
233,36
233,36
660,36
660,36
744,36
744,36
75,37
410,40
178,42
341,43
498,44
976,50
239,51
595,51
697,52
924,52
924,52
924,52
945,53
945,53
945,53
324,55
759,59
147,62
662,64
402,68
895,68
895,68
895,68
458,70
581,72
104,74
798,74
179,75
716,76
173,80
173,80
516,80
566,80
7,83
605,84
820,88
437,89
437,89
437,89
692,89
492,90
745,91
584,92
159,94
159,94
159,94
375,95
670,95
724,97
485,99
772,99
43,101
555,108
953,108
28,109
360,109
869,110
152,111
152,111
914,111
336,112
748,113
990,113
468,114
606,115
645,115
645,115
814,115
261,122
834,122
834,122
285,124
285,124
721,125
386,127
386,127
77,128
593,128
593,128
573,129
573,129
512,131
512,131
512,131
781,131
890,131
208,133
450,133
691,133
691,133
913,133
638,136
208,137
759,137
145,142
357,143
46,146
458,148
871,149
170,156
170,156
419,157
853,157
654,163
841,163
734,165
812,165
812,165
327,168
482,168
593,169
593,169
719,170
554,171
752,177
836,181
117,182
117,182
247,185
184,186
360,187
508,187
508,187
615,188
443,191
398,194
55,198
55,198
488,198
593,199
280,200
310,201
962,201
962,201
193,203
193,203
789,204
428,205
740,205
519,208
563,209
324,210
682,210
671,211
653,217
311,220
31,221
31,221
309,221
970,223
970,223
181,226
181,226
181,226
188,226
188,226
188,226
350,226
240,228
71,231
887,231
131,235
131,235
131,235
870,238
870,238
605,240
500,241
500,241
210,245
344,247
344,247
344,247
383,247
383,247
656,250
935,250
81,252
147,252
147,252
32,255
117,255
117,255
198,255
459,255
262,256
832,257
641,262
507,263
816,263
816,263
249,264
428,264
858,270
285,271
551,271
350,274
350,274
173,277
233,277
388,277
604,278
61,279
319,283
763,283
485,284
960,284
531,294
801,294
801,294
139,301
611,302
884,302
884,302
302,303
351,303
539,303
539,303
725,304
938,304
187,309
416,309
707,309
707,309
819,312
277,316
253,318
253,318
25,324
686,325
686,325
162,327
100,328
6,329
486,330
486,330
652,330
764,330
764,330
387,331
223,333
324,335
939,335
455,336
624,337
852,337
365,339
81,341
900,341
960,342
805,344
213,348
423,351
12,352
628,352
927,352
137,353
707,356
707,356
323,357
261,361
835,362
880,365
381,367
642,367
642,367
755,367
755,367
285,368
170,372
100,373
31,377
578,378
578,378
343,383
607,384
607,384
778,385
778,385
778,385
248,386
921,387
233,389
75,392
221,393
651,396
141,397
847,399
847,399
505,404
892,405
188,407
203,408
301,412
840,412
967,412
967,412
476,414
108,415
661,417
805,418
27,419
526,419
727,419
727,419
727,419
255,420
797,420
269,422
579,422
579,422
579,422
449,427
449,427
749,427
749,427
749,427
459,428
459,428
934,428
8,430
57,433
133,436
422,436
422,436
167,439
134,441
846,447
846,447
198,449
535,449
592,449
727,449
727,449
727,449
893,452
893,452
410,453
789,455
69,457
462,457
691,457
814,458
371,459
371,459
371,459
928,460
167,461
531,463
665,468
975,469
335,472
335,472
437,472
749,472
35,473
724,473
613,474
74,481
120,482
451,482
573,483
508,485
56,486
862,487
477,490
407,491
614,493
332,495
332,495
905,498
71,499
766,500
964,504
738,505
219,507
473,507
473,507
947,508
153,509
153,509
995,509
381,510
232,511
933,513
463,516
463,516
354,519
688,519
586,523
662,523
724,523
799,523
552,524
862,524
231,533
173,537
191,538
191,538
191,538
157,541
808,541
420,542
488,543
282,545
282,545
671,546
906,548
336,549
941,549
362,550
634,553
718,553
122,554
782,557
765,560
169,562
561,564
85,567
85,567
595,568
393,571
393,571
393,571
649,571
405,572
39,580
39,580
77,582
77,582
238,582
206,583
206,583
716,586
716,586
506,587
695,588
695,588
963,589
540,590
540,590
610,590
403,592
403,592
403,592
169,594
791,598
791,598
911,598
445,600
330,605
128,606
597,606
597,606
865,607
965,611
965,611
302,612
478,612
841,612
841,612
536,616
536,616
450,617
219,618
219,618
26,619
348,620
348,620
389,623
667,625
704,625
704,625
609,628
733,629
733,629
505,630
505,630
73,631
73,631
73,631
271,633
271,633
271,633
926,634
428,635
878,638
182,640
393,640
475,640
638,640
590,641
685,645
262,646
807,647
941,651
326,653
8,654
775,654
234,656
460,660
728,660
371,662
173,664
173,664
983,664
983,664
40,667
40,667
129,668
552,668
646,669
681,669
750,669
847,669
847,669
154,672
222,673
287,673
953,673
953,673
953,673
715,674
100,676
100,676
425,677
240,681
404,682
652,682
935,685
935,685
800,688
527,692
329,695
329,695
599,695
599,695
278,699
278,699
569,699
369,701
762,703
485,704
49,708
49,708
49,708
95,710
95,710
216,710
729,711
925,714
532,715
121,717
338,718
672,719
445,721
844,722
386,726
889,726
817,733
487,736
487,736
922,738
922,738
77,740
77,740
172,740
380,741
279,742
507,743
507,743
548,743
796,744
796,744
120,745
263,746
50,748
50,748
661,749
661,749
430,750
819,755
819,755
151,756
594,757
55,763
55,763
55,763
255,765
867,768
376,769
436,769
436,769
436,769
182,773
182,773
984,773
634,775
3,776
3,776
516,777
516,777
516,777
516,777
599,777
920,777
920,777
920,777
338,785
149,786
289,786
829,788
549,789
951,792
951,792
11,794
11,794
450,794
612,794
214,796
372,797
372,797
713,797
713,797
713,797
52,803
879,806
21,808
755,808
755,808
755,808
584,809
227,811
667,811
802,813
265,816
265,816
318,816
697,816
697,816
91,817
459,818
935,819
935,819
206,821
353,823
623,823
498,828
184,829
537,829
151,830
401,830
401,830
401,830
229,833
588,835
983,837
722,838
722,838
766,838
766,838
766,838
38,839
283,839
401,840
401,840
853,841
896,843
142,844
212,849
318,849
655,850
655,850
655,850
946,852
946,852
432,855
91,857
121,857
562,858
894,859
685,861
685,861
804,861
869,862
737,867
737,867
53,869
154,869
519,870
73,871
73,871
73,871
277,872
277,872
202,873
223,875
223,875
761,875
474,877
948,878
380,880
816,882
816,882
972,882
917,883
65,884
65,884
587,887
587,887
619,892
619,892
795,893
795,893
336,895
313,898
899,902
101,903
428,904
601,904
601,904
601,904
992,904
922,905
279,907
689,911
394,914
560,918
560,918
560,918
43,921
219,921
934,921
713,923
796,925
166,927
747,930
533,932
35,933
839,934
839,934
89,935
353,935
353,935
828,935
828,935
244,937
244,937
303,942
612,942
612,942
650,942
269,945
269,945
514,945
142,947
874,949
899,953
727,955
67,958
121,958
195,958
418,960
418,960
23,965
86,966
86,966
316,966
927,966
279,968
102,969
239,969
807,970
807,970
949,971
521,976
638,977
571,979
337,980
974,980
254,983
407,983
407,983
841,985
368,988
368,988
488,988
996,994
102,995
444,996
275,6
922,7
922,7
2,8
379,15
108,16
765,19
765,19
134,21
326,22
813,30
813,30
180,36
657,36
657,36
593,37
497,39
885,39
885,39
885,39
14,41
977,49
695,50
695,50
238,51
238,51
923,53
923,53
943,57
754,58
320,60
558,63
403,66
898,67
898,67
457,68
578,71
104,74
104,74
794,76
521,81
6,82
172,82
172,82
437,88
823,92
665,94
726,97
45,102
770,102
953,108
557,109
148,110
912,111
991,112
646,117
646,117
262,120
834,121
286,126
286,126
593,126
593,126
79,127
384,127
452,129
452,129
889,130
509,131
509,131
509,131
691,133
914,140
351,141
145,142
855,157
419,158
419,158
810,160
164,162
164,162
325,168
593,168
653,170
653,170
721,170
555,172
753,177
837,179
116,182
116,182
511,183
511,183
184,186
184,186
361,188
282,193
489,197
589,197
439,198
56,200
190,201
190,201
962,201
962,201
788,204
741,206
562,209
674,210
969,221
238,227
308,229
133,237
871,238
610,240
608,241
501,242
208,244
81,250
937,251
145,252
118,255
459,256
459,256
263,259
507,260
641,260
816,263
816,263
816,263
816,263
251,267
858,269
549,271
169,275
285,275
605,275
483,276
483,276
64,277
520,279
235,280
763,284
763,284
763,284
487,287
299,291
802,294
537,299
130,306
707,309
414,312
447,312
819,312
186,313
276,315
355,320
684,321
684,321
100,324
24,326
167,327
769,327
769,327
769,327
394,328
487,328
652,329
222,333
453,334
77,338
367,340
625,341
625,341
422,348
926,352
926,352
14,354
138,355
708,355
708,355
262,358
323,358
835,363
375,364
752,366
878,366
640,368
168,371
284,371
30,374
105,374
340,378
578,380
578,380
777,384
777,384
607,386
919,386
232,390
76,396
141,396
507,403
844,406
844,406
844,406
189,408
889,408
303,410
968,412
968,412
476,414
109,416
665,418
802,418
45,419
78,420
256,421
256,421
578,421
31,423
456,426
748,426
748,426
748,426
748,426
56,433
423,435
13,438
135,443
193,445
847,447
593,448
533,451
172,452
815,455
67,457
929,457
372,458
696,458
665,469
975,469
748,474
748,474
334,475
496,477
496,477
122,481
482,487
482,487
615,492
332,494
146,498
63,499
906,499
965,504
737,505
948,507
219,508
380,508
629,518
725,521
663,522
585,524
801,524
549,525
861,525
190,536
161,538
814,541
281,543
281,543
489,543
938,546
425,547
337,548
361,548
121,553
636,554
783,557
561,563
401,572
401,572
650,574
39,580
39,580
78,581
207,585
207,585
718,585
506,587
506,587
695,589
695,589
540,590
540,590
402,592
169,593
910,598
789,600
445,602
600,604
129,606
129,606
329,607
964,610
477,611
217,613
840,613
840,613
450,615
26,619
26,619
535,619
390,623
308,624
701,624
667,626
72,631
72,631
508,632
273,634
926,634
428,635
181,639
394,639
637,641
805,649
236,655
776,655
463,658
463,658
41,660
41,660
371,661
751,667
848,667
848,667
984,667
984,667
984,667
718,671
155,672
155,672
288,672
421,678
240,679
406,682
651,683
936,685
936,685
799,687
526,692
526,692
597,696
597,696
369,698
278,699
278,699
761,703
48,704
48,704
603,705
727,710
727,710
727,710
216,711
216,711
444,716
338,718
534,718
844,722
891,728
171,739
923,740
923,740
483,741
274,742
379,742
796,744
796,744
551,746
120,747
663,750
228,752
150,755
322,755
56,765
56,765
375,769
868,769
985,769
181,772
518,776
518,776
4,777
4,777
633,777
920,778
288,786
288,786
288,786
338,786
147,788
550,788
550,788
829,788
613,794
450,795
450,795
712,796
12,797
12,797
12,797
51,802
880,807
585,808
757,808
757,808
228,810
498,811
800,812
94,814
266,815
266,815
88,816
318,816
318,816
459,818
459,818
938,821
623,823
185,828
534,830
228,833
589,835
401,837
766,837
861,837
979,837
723,838
898,842
142,844
654,845
947,852
947,852
122,856
561,857
92,859
688,863
688,863
801,863
870,863
157,868
53,870
518,870
206,872
761,876
474,878
973,881
380,884
796,892
796,892
339,893
821,895
821,895
900,902
100,903
429,904
601,904
278,907
685,910
994,911
714,919
714,919
933,919
43,920
551,924
551,924
794,926
168,929
168,929
749,929
838,935
88,937
354,938
245,939
303,943
648,944
648,944
648,944
269,946
517,947
875,949
390,952
720,953
896,953
72,959
121,959
121,959
195,959
418,960
24,964
927,967
927,967
237,968
279,968
279,968
343,973
343,973
949,973
571,978
571,978
571,978
256,982
256,982
841,986
841,986
370,987
520,987
488,989
445,996
995,996
2,5
926,5
926,5
926,5
271,7
249,8
110,13
503,25
322,27
652,35
652,35
592,41
11,43
9,44
935,60
403,62
566,64
899,66
104,74
104,74
104,74
792,79
792,79
6,83
521,85
435,88
399,94
768,105
768,105
907,109
990,112
258,118
258,118
833,119
650,120
650,120
383,125
81,126
888,126
286,127
286,127
507,127
454,129
454,129
691,133
914,141
809,156
419,158
593,167
725,168
319,170
835,174
753,177
753,177
115,182
115,182
280,187
365,191
491,195
592,195
435,199
57,201
191,202
191,202
191,202
786,203
963,203
741,206
741,206
672,210
235,224
872,237
206,243
503,248
82,249
938,252
284,260
13,261
13,261
816,263
816,263
607,273
519,278
763,284
297,291
537,298
124,306
708,309
708,309
817,311
277,313
186,317
100,319
688,319
688,319
487,324
24,327
751,327
751,327
652,329
652,329
220,334
367,343
420,345
926,353
710,355
146,356
366,363
878,366
640,370
168,371
111,375
285,375
579,384
606,389
606,389
508,401
76,403
308,406
842,407
190,412
667,417
801,419
255,422
50,424
749,424
749,424
749,424
451,426
426,434
593,447
137,448
170,448
815,455
928,455
373,457
702,458
702,458
702,458
664,470
664,470
974,471
89,476
122,477
309,484
309,484
329,489
58,496
907,500
967,503
736,505
380,507
949,507
220,509
663,523
547,524
860,525
189,535
162,537
281,543
121,552
783,558
562,564
401,573
401,573
401,573
647,573
79,578
39,580
39,580
720,584
506,587
506,587
681,589
681,589
208,590
208,590
539,590
909,597
604,601
214,608
214,608
964,608
215,610
215,610
475,612
327,613
841,613
841,613
26,619
26,619
665,628
71,632
71,632
514,633
428,635
181,637
181,637
395,638
638,641
238,655
467,656
292,660
371,661
847,666
415,680
522,687
936,687
794,688
278,696
278,696
369,696
760,703
724,709
444,713
534,715
844,723
889,731
170,739
379,745
797,745
226,748
123,750
669,751
322,754
148,756
987,768
922,781
922,781
922,781
287,786
550,788
622,788
145,789
827,789
827,789
710,796
452,798
12,801
12,801
51,803
51,803
51,803
759,808
759,808
795,811
795,811
795,811
458,816
316,817
316,817
625,820
942,822
942,822
182,829
533,830
593,835
767,836
400,838
400,838
863,838
977,839
141,847
949,854
949,854
561,855
94,856
872,860
795,867
795,867
694,869
694,869
516,870
55,872
208,872
762,877
762,877
475,879
380,887
2,889
796,890
341,891
430,905
910,905
277,907
704,915
704,915
731,915
731,915
43,920
794,924
548,925
548,925
762,932
837,936
356,940
925,940
247,941
645,944
302,946
876,949
716,958
194,962
416,963
119,967
119,967
931,969
931,969
350,971
571,978
257,981
371,984
841,986
841,986
300,2
7,4
557,4
248,6
112,8
507,13
631,16
10,43
323,47
592,49
966,52
855,55
402,56
936,66
105,73
791,82
791,82
7,85
434,87
518,96
401,97
767,108
767,108
988,110
880,113
253,116
253,116
834,120
83,124
382,125
455,127
690,133
431,149
729,169
729,169
749,176
115,182
115,182
740,206
740,206
964,206
669,209
873,237
206,240
83,247
83,247
940,253
505,254
13,256
157,257
290,262
815,264
815,264
764,284
115,303
813,307
706,311
706,311
706,311
213,313
485,322
22,328
653,329
653,329
992,331
418,341
927,353
713,355
361,359
154,360
880,367
642,373
113,383
579,387
513,401
310,404
79,411
803,420
803,420
253,424
450,426
55,434
590,447
816,454
816,454
816,454
139,455
710,455
710,455
710,455
710,455
926,455
926,455
373,458
666,468
666,468
969,476
969,476
309,484
55,492
909,500
909,500
949,505
969,505
732,510
222,511
222,511
631,518
546,525
852,525
164,538
280,541
123,552
123,552
783,558
403,577
403,577
403,577
79,578
40,580
721,581
507,588
507,588
507,588
669,591
669,591
909,597
605,599
979,604
213,607
213,607
842,612
467,614
28,622
28,622
28,622
521,632
395,633
68,634
68,634
429,636
640,639
240,654
468,657
176,659
292,659
373,662
416,680
521,685
932,694
932,694
373,699
757,703
720,706
445,713
844,724
169,737
384,747
672,753
322,754
143,760
143,760
989,765
284,787
623,790
145,791
712,796
13,801
50,807
456,808
762,809
314,818
314,818
32,829
951,829
951,829
532,830
768,833
768,833
870,839
152,842
94,851
955,862
54,869
515,869
793,872
793,872
691,873
691,873
770,875
770,875
474,881
345,891
431,905
912,907
644,942
249,943
356,944
880,948
880,948
713,962
193,966
933,968
933,968
119,972
119,972
573,977
258,978
362,978
842,985
